# init omega gamma A f
1.496837267e+00 2.804884471e+00 6.240912580e-01 3.229857607e+01 4.999907629e+00
-3.761853920e-01 2.189123910e+00 5.876826531e-01 4.628100670e+00 4.434080002e+00
1.328993174e+00 1.921253368e+00 3.267280192e-01 1.477743310e+01 3.351994079e+00
-7.482857891e-01 2.866410468e+00 1.151659016e-01 2.829428127e+01 3.574155157e+00
-5.680352366e-01 8.242963256e-01 6.436521723e-01 3.455201705e+01 3.155773220e+00
-1.199193528e+00 2.999103558e+00 8.233379791e-02 1.893973965e+01 5.636234954e+00
-8.108538392e-01 1.196811861e+00 2.294442177e-01 2.107116578e+01 6.254282190e+00
-5.698034636e-01 9.765262363e-01 7.229037608e-01 4.248558524e-02 4.615100194e+00
1.457208830e+00 1.413230750e+00 7.991157891e-01 1.656872044e+01 5.761086986e+00
-7.421396146e-01 2.403831063e+00 7.724272015e-01 3.019785905e+01 3.363666711e+00
-1.852407768e-01 2.292344996e+00 6.987024682e-01 1.383643707e+01 5.156336516e+00
3.449943416e-01 2.860646030e+00 4.656738912e-01 2.271610064e+01 3.715948534e+00
1.141770871e+00 1.034637847e+00 5.108918477e-01 2.729275753e+01 6.062140090e+00
1.142199086e+00 1.174146105e+00 6.237777908e-01 2.528733802e+01 4.588595312e+00
5.491273239e-01 9.082300709e-01 2.429801651e-01 2.686261565e+01 4.831108176e+00
5.020054526e-01 2.927493771e+00 7.565918176e-01 5.847708478e+00 4.716825890e+00
7.402791727e-01 1.955760331e+00 6.517141698e-01 2.183820880e+01 6.199667213e+00
-8.705535135e-01 1.516654060e+00 4.470810755e-01 3.006095164e+01 5.347102995e+00
-1.029712180e+00 1.177969825e+00 2.863596023e-01 3.084824108e+01 4.942946540e+00
1.163103014e+00 3.076766603e+00 3.407915622e-01 1.973082086e+01 4.353505960e+00
-1.381164615e+00 2.188557024e+00 5.250940174e-01 3.735561064e+01 3.677694695e+00
5.767831745e-01 2.227632835e+00 1.053279685e-01 3.258971374e+00 3.710692541e+00
5.376873801e-01 2.396722308e+00 6.458582862e-01 7.371362517e+00 4.001703135e+00
3.485964607e-01 9.516664702e-01 2.371339242e-01 2.026308494e+01 3.567048733e+00
-1.381168838e+00 2.570262786e+00 1.843326785e-01 1.224724876e+01 6.018520529e+00
1.500195519e+00 1.522398057e+00 6.120433700e-01 3.617026165e+01 3.552886360e+00
-1.916918920e-01 2.272013494e+00 3.276277790e-01 1.544015622e+01 5.983743694e+00
1.023483676e-01 1.062236153e+00 2.842156209e-01 3.540253723e+01 3.345149033e+00
-1.560164617e+00 2.596458829e+00 4.636853943e-02 3.056477979e+01 4.408827063e+00
-7.810212888e-01 3.057762113e+00 4.367481523e-01 2.197721048e+01 3.766469460e+00
1.125659974e+00 1.843615706e+00 1.249761224e-01 1.849986511e+01 5.399379641e+00
-2.345631772e-01 2.268296285e+00 4.534564978e-01 2.985404475e+01 4.281814813e+00
7.404716413e-01 1.156971415e+00 7.190857823e-01 2.691005246e+01 6.091417190e+00
1.325215701e+00 2.745185125e+00 3.925249765e-01 1.343118088e+01 3.457912851e+00
-1.088091103e+00 1.998568474e+00 2.008473197e-01 3.901228339e+01 4.480626491e+00
1.545693981e+00 2.131405674e+00 6.040087490e-02 3.647467949e+01 4.913388888e+00
-9.974782019e-01 1.322408318e+00 4.163042785e-01 7.195355846e+00 5.397531225e+00
1.381954513e+00 1.375867276e+00 3.984333685e-01 2.236839469e+01 3.738943253e+00
-1.297187206e+00 1.089504264e+00 2.506990190e-01 2.625991035e+01 3.233262207e+00
-9.981835467e-02 2.040958397e+00 3.085483370e-01 3.945935073e+01 5.305925847e+00
1.033026088e+00 2.326416934e+00 2.600782218e-01 1.176232747e+01 4.062167607e+00
-6.874958943e-01 2.059824520e+00 1.200105637e-01 3.900118269e+01 3.526413918e+00
1.158947345e+00 2.405069855e+00 1.343001553e-01 2.289016542e+01 5.135734278e+00
1.495948043e+00 2.807024902e+00 3.739830911e-01 2.168641455e+01 5.197305905e+00
1.072980884e+00 2.400909473e+00 2.262495135e-01 3.823960120e+01 5.930355029e+00
-1.605368950e-01 1.986919429e+00 4.047500503e-01 3.062044659e+01 6.091968093e+00
-4.066035305e-01 2.672371734e+00 5.299817025e-01 3.481923518e+01 3.230994724e+00
-5.441796778e-02 7.980997215e-01 7.956824587e-01 2.683943826e+01 4.321579923e+00
-1.280549943e+00 1.492414832e+00 5.548948252e-01 3.683982558e+01 3.346294124e+00
-8.582150501e-01 3.028463485e+00 5.073839176e-02 3.307379464e+00 3.456230400e+00
1.148179834e-01 2.173191399e+00 7.404730622e-01 3.119853435e+01 5.843804003e+00
7.323473847e-01 2.723712342e+00 7.811305460e-01 7.048940896e+00 4.172636186e+00
-1.604201228e-01 1.847912538e+00 3.931182535e-01 3.034761704e+00 4.333164122e+00
-6.107275833e-01 3.067743882e+00 4.956317429e-01 3.667974087e+01 6.270475427e+00
1.404709154e+00 2.808431486e+00 1.648440629e-01 2.479843640e+01 5.752607929e+00
7.882462462e-01 1.223222332e+00 7.425917588e-02 1.850584035e+01 5.500431125e+00
-8.776783600e-02 1.366273025e+00 7.014730831e-01 2.966041970e+01 4.913940802e+00
-1.341537381e-01 1.556842509e+00 1.103687822e-01 3.392797713e+00 5.833353991e+00
7.735007022e-01 2.269472327e+00 3.277792490e-01 3.632003489e+01 6.107630566e+00
1.115955616e+00 1.602453403e+00 2.789394762e-01 3.174408597e+01 5.593690829e+00
-6.484051075e-01 1.610419998e+00 1.654138871e-01 3.295912906e+01 5.389159624e+00
7.326075279e-01 1.091954526e+00 2.971730930e-01 4.614433326e+00 4.677055794e+00
9.697284060e-01 1.410852884e+00 4.149678892e-01 2.455633348e+01 5.405235829e+00
1.215453099e+00 1.138633486e+00 6.059436210e-01 3.596705315e+01 3.804794261e+00
-1.492023717e+00 1.771010991e+00 6.312149958e-01 7.713284209e+00 3.228524022e+00
3.940526575e-02 2.190602179e+00 6.322586706e-01 8.983637336e+00 3.394839637e+00
3.541470364e-01 1.834647208e+00 6.729734830e-01 3.898713636e+01 3.349312316e+00
-6.897042919e-01 2.837350085e+00 6.102967146e-01 3.286306609e+01 4.343819893e+00
-1.503063786e-01 3.076586010e+00 5.877059511e-01 2.838471960e+01 3.288920456e+00
9.803421950e-02 2.749746582e+00 3.103577193e-01 1.280157410e+01 5.189471208e+00
1.534312529e+00 1.750980210e+00 3.649893570e-01 2.747998605e+01 3.392176730e+00
-1.551228550e+00 1.622167392e+00 5.001227851e-01 2.291040456e+01 5.598038370e+00
-9.379547833e-01 2.284035367e+00 2.652855845e-01 3.857836501e+01 5.620977568e+00
-7.634099995e-01 2.254310045e+00 4.806505796e-01 2.796813181e+01 5.340792182e+00
-5.000612054e-01 2.268143100e+00 6.245390202e-01 2.146306947e+01 5.028352637e+00
-1.403573838e+00 1.455870650e+00 6.180680073e-01 4.014429267e+00 4.961472678e+00
-5.448072845e-01 1.559973374e+00 4.617817202e-02 1.557733455e+01 5.207611390e+00
-9.471552294e-01 2.722691165e+00 7.161395210e-01 7.509862222e+00 6.088250738e+00
1.033734815e+00 2.398865427e+00 7.222003816e-02 2.568086416e+01 5.330667049e+00
4.305619139e-01 1.235023511e+00 2.771579842e-01 1.451137313e+01 4.844481916e+00
-1.301716090e+00 2.609149862e+00 2.747054575e-01 2.635223592e+01 3.200682810e+00
-8.786962269e-01 2.005046735e+00 6.003812702e-01 1.386268390e+01 4.345137825e+00
5.688926577e-01 2.536917494e+00 5.505218845e-01 3.862641873e+01 5.997480647e+00
-1.147952319e+00 1.841047480e+00 1.132720594e-01 5.076345437e+00 5.667703800e+00
1.433452989e+00 1.275925190e+00 2.263302426e-02 2.260346347e+01 4.400358909e+00
-1.141314711e+00 2.389611199e+00 6.233865086e-03 8.769174564e+00 3.416558902e+00
9.347847164e-01 2.740083533e+00 4.865273550e-01 3.996517626e+01 4.740490335e+00
-5.358339286e-03 2.024388441e+00 7.909735669e-01 3.414226257e+01 3.999880454e+00
-6.132177360e-01 2.870248032e+00 1.295776079e-01 1.868551111e+01 4.586485401e+00
-8.345929961e-01 3.095975591e+00 7.336812027e-01 3.602990667e+01 6.077091553e+00
1.234045642e+00 2.265010941e+00 6.710755616e-01 1.574714740e+01 4.350556467e+00
-3.845353776e-01 2.698886589e+00 2.493950191e-01 3.902991136e+01 4.914834214e+00
-1.330275282e+00 2.835977245e+00 5.585266483e-01 1.762313221e+01 3.966657267e+00
-1.463846477e+00 2.984383347e+00 5.217335681e-01 2.667049322e+01 5.417321120e+00
-1.205341682e-01 1.984316239e+00 4.185261196e-01 2.507488271e+01 5.722201303e+00
1.173807237e+00 2.822887050e+00 3.338717947e-01 2.165496403e+01 6.050531706e+00
-4.690861982e-01 1.516045414e+00 2.839203816e-01 3.746229706e+01 3.621772997e+00
1.015854532e+00 1.107540167e+00 3.743382684e-03 7.940826661e-01 4.172780284e+00
1.404205094e+00 2.834420485e+00 4.585001609e-01 3.536983456e+01 4.985809948e+00
-1.359492171e+00 1.697174247e+00 2.086390900e-02 3.291218980e+01 4.699891930e+00
-6.347821155e-01 1.804962291e+00 3.118500242e-01 3.680618484e+01 3.652743300e+00
3.741655914e-01 1.548485954e+00 1.896698961e-01 1.588381463e+01 4.856739499e+00
-6.224816710e-01 2.915732038e+00 1.524119948e-01 1.289831942e+01 4.572980376e+00
-1.020982143e+00 8.181279712e-01 7.080694819e-01 3.962022570e+01 4.814648078e+00
-1.411368702e-02 1.961303374e+00 6.155054666e-02 3.747293954e+01 5.617132342e+00
8.181910568e-01 1.945598246e+00 4.066290282e-01 1.433954334e+01 4.110415635e+00
5.880013520e-01 3.096577964e+00 4.089965858e-01 5.833551436e+00 4.981940684e+00
-7.907939924e-01 2.918551790e+00 3.454900479e-01 5.093075441e-01 4.526771741e+00
3.832263064e-01 2.562680006e+00 8.966794131e-02 1.308907910e-01 4.966400288e+00
-5.788411310e-01 1.446173303e+00 7.895180808e-01 3.033315258e+01 4.138093396e+00
-6.995404500e-01 2.559177212e+00 2.487243729e-01 1.030053787e+01 4.425162242e+00
1.349776762e+00 1.783278472e+00 7.025279643e-01 2.841555529e+01 3.567411671e+00
-6.920708550e-01 1.447267393e+00 5.602781096e-01 1.175829456e+01 5.367750996e+00
1.409341949e+00 2.195664514e+00 4.304400549e-01 1.744988864e+01 4.452529735e+00
-9.356655169e-01 2.888919123e+00 5.531100964e-01 7.077107635e+00 4.258972099e+00
2.056022220e-01 2.005756038e+00 1.916395458e-01 5.933619981e+00 3.633112953e+00
-3.758481705e-01 2.695794242e+00 4.237458851e-01 6.341739497e+00 6.243192991e+00
9.674551235e-01 2.007294831e+00 7.418259327e-01 2.451704969e+01 3.944331493e+00
-1.169481483e+00 1.346986248e+00 7.968128237e-01 4.709921403e+00 3.218554620e+00
1.417206191e+00 2.675351705e+00 3.694141622e-01 2.241320104e+01 4.275928283e+00
7.185179018e-01 3.026398287e+00 5.850834801e-01 2.618592292e+01 5.847813132e+00
-1.018788707e+00 1.989705527e+00 1.553641279e-01 3.327600818e+01 4.975242471e+00
6.052635538e-01 7.979250660e-01 1.720023427e-01 2.943685416e+01 5.804777635e+00
-1.278504305e+00 2.159718167e+00 2.037850243e-01 1.285082730e+01 5.060980672e+00
1.771009316e-01 7.895248899e-01 6.046113298e-01 6.211498986e+00 5.108151257e+00
-1.248168417e+00 8.591163029e-01 7.984047841e-01 2.399971221e+01 4.333756065e+00
-1.432803222e+00 2.385528105e+00 2.308441695e-01 2.926136555e+01 5.078963802e+00
-3.369518090e-01 1.572415286e+00 6.119628884e-01 1.516512916e+01 4.144243253e+00
5.999097524e-01 1.579707715e+00 5.278539579e-01 4.413654790e+00 3.395949066e+00
7.127091344e-01 2.266513518e+00 5.730346208e-01 3.189675497e+01 5.539324891e+00
5.307592194e-01 9.102093718e-01 7.173523041e-01 1.791948602e+01 5.358344517e+00
2.874818637e-01 3.134133938e+00 7.265385619e-01 2.892350736e+01 4.489416747e+00
1.190061732e+00 1.129046098e+00 3.396598642e-03 4.243812046e+00 3.460078532e+00
1.182450303e-01 2.602526411e+00 6.565511802e-01 6.952997047e-01 5.568859401e+00
-1.262837671e+00 2.909161185e+00 6.631029888e-01 3.245768842e+01 3.612951941e+00
-1.126331114e+00 2.333086506e+00 6.430770377e-01 1.871995517e+01 3.716987923e+00
1.451559480e+00 2.300016470e+00 7.998618354e-01 1.413082801e+01 5.115321969e+00
9.360462593e-01 2.904576314e+00 1.538430182e-01 2.283616382e+01 4.341000296e+00
-1.548793156e+00 1.077213480e+00 7.472441921e-01 1.902157230e+01 4.610537633e+00
1.399848247e+00 2.341465608e+00 2.835353957e-01 8.274827394e+00 5.795671534e+00
4.880269186e-01 1.706554740e+00 6.017576136e-01 1.169636740e+00 5.561327976e+00
1.289549547e+00 2.550245132e+00 6.977659655e-01 2.256427913e+01 5.975130743e+00
-1.090884168e+00 2.045219622e+00 5.061894287e-01 1.319629118e+01 6.006787219e+00
2.783054819e-01 2.036169376e+00 7.665090523e-01 1.846675542e+01 4.673204080e+00
1.182398279e-02 2.921087659e+00 9.750013332e-02 3.983565299e+01 5.263099973e+00
-1.024239797e+00 1.264916283e+00 7.662983493e-01 1.102291552e+01 4.122998575e+00
-1.372650063e+00 2.679284310e+00 6.671432610e-01 9.445641189e+00 3.223559533e+00
5.166817672e-01 1.092560339e+00 2.632896909e-01 2.226869976e+01 5.125414637e+00
-1.469817496e+00 2.168977273e+00 2.888902225e-01 3.903514493e+01 4.157370561e+00
-8.221914156e-01 1.361559813e+00 6.808222418e-02 5.410734964e+00 3.419565774e+00
4.844911216e-02 1.220127226e+00 6.083740541e-01 2.991304063e+01 4.631845081e+00
3.214035535e-01 3.135450580e+00 7.666883249e-01 1.651781943e+00 4.853862006e+00
-6.815070705e-01 2.054444931e+00 2.977401680e-01 2.870018749e+01 4.059131995e+00
1.077428210e+00 2.836873227e+00 5.550582293e-01 3.161525984e+01 3.312986329e+00
1.239375504e+00 2.492845457e+00 4.380089743e-01 1.735612872e+01 4.563736803e+00
7.008204542e-01 2.563552282e+00 5.671073144e-01 3.766882579e+01 3.252878275e+00
1.339340044e+00 2.326492075e+00 2.419717030e-01 6.479923950e+00 5.171263614e+00
-1.384748683e+00 1.697239684e+00 2.804270641e-01 6.943691957e+00 3.653603650e+00
-1.412536965e+00 1.401638630e+00 2.722256798e-01 7.235083565e+00 4.983256684e+00
-1.181016416e+00 1.771838483e+00 6.733668063e-01 1.762056711e+01 5.537434077e+00
-1.186667414e+00 2.142648077e+00 4.474516663e-01 1.069263976e+01 3.652463768e+00
9.781146574e-02 2.808438697e+00 5.745412617e-01 3.742959385e+01 3.908318263e+00
1.297253452e+00 2.853229863e+00 6.040867846e-01 1.118285827e+01 4.335886609e+00
-9.970527713e-01 1.725068082e+00 2.969293183e-01 3.677823938e+01 3.997435273e+00
1.543305951e+00 8.071192311e-01 1.135083473e-01 6.937024994e+00 4.570794508e+00
1.192901354e+00 1.750482401e+00 5.196330281e-01 6.543059445e-01 3.773600496e+00
-5.559193088e-01 2.051600981e+00 5.426505079e-01 3.908727012e+01 4.235312928e+00
-9.692686842e-01 1.965763922e+00 5.951276920e-01 3.682294402e+01 3.571344107e+00
-9.839396195e-03 1.000622870e+00 6.297146841e-01 1.417896713e+01 5.554093642e+00
-5.827672929e-01 2.826576827e+00 4.808255532e-01 5.794356538e+00 5.590199127e+00
-1.474843372e+00 2.348895413e+00 3.215007221e-01 1.636660019e+01 4.391897190e+00
-1.279162132e+00 2.922661689e+00 3.404075763e-02 3.403579806e+01 3.209132290e+00
2.795238955e-01 2.089877142e+00 1.896240423e-02 1.614006923e+01 4.728205751e+00
4.208805197e-01 2.593640754e+00 9.939042653e-02 2.502145017e+01 3.613464301e+00
1.464321681e+00 1.096994781e+00 2.113732988e-01 1.152282179e+01 5.004551237e+00
-1.523277791e+00 1.623433097e+00 5.784953829e-01 6.145001174e+00 6.056923786e+00
7.321223508e-01 9.193192618e-01 4.753992260e-01 2.811263773e+00 4.840487468e+00
4.171893660e-01 2.139803775e+00 3.215042306e-01 4.482272739e+00 6.070569361e+00
5.290652181e-03 2.256692195e+00 3.331492534e-01 3.079658880e+01 5.488582084e+00
-1.190259221e+00 1.554163042e+00 7.879752259e-02 1.677338078e+01 3.422931583e+00
1.123932812e+00 1.634906268e+00 1.978804225e-01 1.495648367e+01 3.919145883e+00
6.355701472e-01 1.770090250e+00 6.083992196e-01 1.455353322e+01 4.426232603e+00
2.154480499e-01 1.291674509e+00 3.665611559e-01 2.491884692e+01 5.451708348e+00
1.510651524e+00 2.611228833e+00 5.757527578e-01 4.830369954e+00 4.829833067e+00
-1.286292518e+00 1.956435957e+00 4.636606069e-01 2.200895725e+01 5.262314365e+00
7.130304810e-01 1.478982905e+00 3.470491484e-01 5.064074548e+00 3.914479318e+00
-3.569017639e-02 2.664270498e+00 7.968318458e-03 1.031703524e+01 5.849888052e+00
-6.892326942e-01 2.920701721e+00 4.852405535e-01 7.704940086e-01 3.212511781e+00
1.209937038e+00 2.418157495e+00 2.707001934e-01 2.793308499e+01 4.835545101e+00
9.662664746e-01 1.605914012e+00 4.360074160e-01 2.673876152e+01 5.166929776e+00
-1.901296183e-01 2.222334111e+00 6.464878685e-01 2.671942939e+01 5.583243738e+00
4.447751007e-01 1.612992127e+00 6.132544238e-01 3.047212241e+01 4.050436309e+00
4.114626506e-01 2.258338408e+00 4.698591335e-01 2.638539289e+00 5.252757257e+00
-1.543508686e+00 1.399829271e+00 2.410001616e-01 2.133005403e+01 4.113867737e+00
-8.739927889e-01 1.189044255e+00 1.916913686e-01 7.843522762e+00 3.405919673e+00
-8.889566598e-01 2.126251227e+00 7.818562626e-01 4.077889748e-01 4.217635032e+00
-8.783552528e-01 1.685184873e+00 8.233984600e-02 3.622220585e+01 5.557270225e+00
7.571708511e-01 9.981022296e-01 2.271945365e-01 2.199729255e+01 4.334911605e+00
1.386479590e+00 1.633366937e+00 3.596529017e-01 3.952329046e+01 4.687825182e+00
-7.333868800e-01 2.271306758e+00 2.996011032e-01 1.947877706e+01 4.474274119e+00
7.764381885e-01 2.870588488e+00 5.919633588e-01 4.194029699e+00 4.305212012e+00
-1.563496819e+00 2.934349508e+00 2.084698707e-01 1.510294728e+01 3.339466180e+00
9.713788466e-01 2.811577876e+00 6.820046771e-01 2.961034335e+00 4.235957828e+00
9.633799215e-01 3.089934342e+00 8.016773705e-02 3.159838158e+01 3.340936266e+00
-1.398767427e+00 1.468386132e+00 3.740071575e-01 2.748932201e+01 4.116575183e+00
-1.259340072e+00 3.014872984e+00 1.236478471e-01 2.513790746e+01 3.283257441e+00
1.671314270e-01 1.880926286e+00 3.615713966e-01 3.999310389e+01 4.265399530e+00
8.255391349e-01 1.626094886e+00 5.488560079e-01 1.295211837e+01 3.925412161e+00
7.251240827e-01 1.653962696e+00 6.985147575e-01 3.726291897e-01 5.283106226e+00
5.729590787e-01 3.065785823e+00 4.293853551e-01 2.567175653e+01 5.448162037e+00
8.245367098e-01 3.122508123e+00 4.733101202e-01 1.290458149e+01 4.051010683e+00
3.121553315e-01 3.071024991e+00 8.820795047e-02 2.721802669e+01 3.941844902e+00
-8.306010490e-01 2.634262548e+00 6.371522477e-01 2.803645682e+01 4.091510915e+00
-1.481887544e+00 7.948102917e-01 2.839081621e-01 9.123174015e+00 4.561053088e+00
1.292662132e+00 1.422537527e+00 4.724968887e-01 2.550902633e+01 3.758153273e+00
-2.697869172e-01 1.948204146e+00 6.852271571e-01 2.569241741e+01 4.171193612e+00
7.016772127e-01 1.607067054e+00 6.524019654e-01 3.835869904e+01 5.424261648e+00
-7.349142568e-01 1.417669123e+00 2.166577924e-01 3.485689410e+01 6.155013830e+00
1.508360473e+00 2.998032658e+00 4.605817415e-01 2.989078961e+01 3.633416536e+00
-1.010797392e+00 1.766465335e+00 3.829165090e-01 3.122304474e+01 4.874797999e+00
-1.422676166e+00 1.545615970e+00 3.868050472e-01 5.666193818e+00 3.490479855e+00
-1.847636151e-02 2.304112189e+00 5.027212269e-02 1.990837292e+01 3.301039621e+00
-4.065385715e-01 1.559303274e+00 6.377677195e-01 3.236437061e+01 5.755291708e+00
4.885031646e-01 2.926790909e+00 7.024198869e-01 2.223760239e-01 5.572045724e+00
-1.569855156e+00 2.283359403e+00 3.802807016e-01 1.497860910e+01 5.053767632e+00
-1.120933763e+00 1.580613235e+00 4.964155648e-02 2.056814193e+01 4.698083018e+00
1.127184263e+00 9.287311837e-01 2.118253543e-01 3.434816153e+01 4.706901853e+00
5.740233051e-01 1.047327987e+00 1.346161602e-01 2.650614619e+01 4.132654873e+00
-5.274154185e-01 2.290700887e+00 6.642009491e-01 3.258780782e+01 5.363958898e+00
-1.492077135e+00 2.692712291e+00 5.088378702e-01 1.502623940e+01 3.632490065e+00
-1.437482842e+00 1.890381274e+00 3.431819972e-01 2.265387666e+01 3.602416861e+00
-3.467109094e-01 9.018510418e-01 1.238644169e-01 3.659132555e+01 5.978203855e+00
1.391055523e+00 2.000501920e+00 5.101791684e-02 9.698590078e+00 4.243000314e+00
1.314441899e+00 1.391323239e+00 3.930066960e-01 2.565689528e+01 3.220400641e+00
-5.817573221e-01 1.724931711e+00 6.260083217e-01 2.424032871e+01 6.173391189e+00
-4.012261881e-01 2.136296031e+00 1.567962269e-02 3.200187394e+01 5.487466764e+00
-7.324058069e-01 1.328470784e+00 5.965044152e-01 2.278960880e+00 5.315011805e+00
-1.124515783e+00 1.050473376e+00 4.872276148e-01 3.988782258e+01 5.315673569e+00
2.873681590e-01 1.510820238e+00 4.448290783e-01 1.059839010e+01 5.852327304e+00
-1.159300106e-01 2.066895056e+00 1.985991041e-01 3.071139230e+01 3.187061904e+00
1.052937229e+00 2.301720546e+00 7.900348460e-01 2.131043278e+01 4.803734304e+00
-1.433740052e-02 2.411629528e+00 5.628820789e-01 5.949432548e+00 5.597973505e+00
-1.514376397e+00 2.841207295e+00 5.060294164e-01 7.385969546e+00 4.211997859e+00
-1.950106150e-01 8.371993447e-01 6.222276843e-01 3.877884324e+01 5.196186571e+00
-1.149119384e+00 2.345473269e+00 4.823980681e-01 2.352257271e+01 4.798830723e+00
-5.262609550e-01 3.000687517e+00 6.544451272e-01 1.767619042e+00 4.986287507e+00
4.090478553e-03 2.436700116e+00 3.481770952e-02 9.020772229e+00 3.403268302e+00
1.361777530e-01 1.855801715e+00 2.350903445e-01 1.848703841e+01 3.797826947e+00
6.118255490e-01 9.616200259e-01 4.536569862e-01 1.141713531e+01 3.837263879e+00
1.457574641e+00 2.590233793e+00 3.616185623e-01 2.774108567e+01 5.500844890e+00
-3.928088913e-01 2.360686145e+00 6.123448097e-01 6.835329888e+00 6.233843356e+00
8.017920922e-01 1.459664575e+00 3.082630791e-01 2.437270328e+01 3.190282179e+00
8.942638056e-02 1.447444842e+00 4.956978509e-01 1.604395301e+01 5.882172514e+00
1.144942790e+00 1.586256738e+00 5.910143557e-01 3.586044991e+01 4.054442941e+00
1.910658501e-01 3.045313858e+00 3.566608799e-01 1.245473108e+01 5.135676160e+00
-3.700884012e-01 1.274807791e+00 3.823028552e-01 3.920018105e+01 5.615089328e+00
-1.196687324e-04 2.022296837e+00 1.714960625e-02 3.987064201e+01 4.327537015e+00
9.337690738e-02 2.561035771e+00 5.165930835e-01 1.738666143e+00 5.250040149e+00
1.524852955e+00 2.528087287e+00 4.970475931e-01 1.075190983e+01 4.191291911e+00
-1.377576483e+00 1.895281050e+00 3.761785192e-01 2.779041524e+01 4.856867036e+00
-1.429180749e+00 1.504722302e+00 5.810729124e-02 1.186904585e+01 3.690117083e+00
-9.598201551e-01 1.646765161e+00 2.754211788e-01 7.042360333e+00 5.718224105e+00
-1.557726357e+00 1.406173637e+00 6.563644147e-01 1.551854922e+01 4.178031060e+00
-1.237752910e+00 2.546553313e+00 4.887413993e-01 2.218494518e+01 3.864457101e+00
-3.314655143e-01 1.151175173e+00 4.533764619e-01 3.785778133e+01 4.571954299e+00
-9.268310664e-01 2.929639240e+00 2.743177549e-01 7.244363231e+00 5.464118918e+00
-5.662874150e-02 1.021923589e+00 1.100358252e-01 9.562766726e-01 5.018524679e+00
1.084556455e+00 2.508491562e+00 5.962574041e-01 1.770165453e+01 4.085716064e+00
4.347902035e-01 1.179264109e+00 4.249102327e-01 3.569353774e+00 4.693503988e+00
8.397371095e-01 1.721070431e+00 5.309376095e-01 3.587366886e+01 6.241240519e+00
1.037920269e+00 9.783306353e-01 7.702174584e-01 1.211449899e+01 5.416905401e+00
-1.171409992e+00 1.551075751e+00 6.226297436e-01 1.264275654e+01 3.579010024e+00
-1.431001050e+00 2.861759643e+00 4.937884805e-01 2.407904530e+01 3.674344131e+00
-1.626610318e-01 1.356930552e+00 1.577574181e-01 1.721063715e+01 3.724086197e+00
-1.050155556e-01 1.585197988e+00 2.070204159e-01 3.051444411e+01 4.573625235e+00
1.445239908e+00 2.226673306e+00 2.807687585e-01 1.097909622e+00 5.015753755e+00
-7.604898585e-01 2.688185775e+00 7.388490831e-01 3.955109516e+01 4.388452333e+00
-1.754922365e-01 2.103078099e+00 3.701260673e-01 3.366234502e+01 4.446488619e+00
1.852863110e-01 1.851107082e+00 2.608908060e-01 3.965069766e+01 4.030758729e+00
1.098964910e+00 1.159179411e+00 4.625607576e-01 3.744430085e+01 4.949034174e+00
-1.176467152e+00 2.268781573e+00 1.072800089e-01 3.857090262e+01 5.670412687e+00
1.345494328e+00 1.580102881e+00 2.249053356e-02 1.787563421e-01 4.468960939e+00
2.502863753e-01 1.105154438e+00 3.235037641e-01 3.597263535e+01 4.803431149e+00
-1.176450902e-01 1.183571635e+00 6.855948679e-01 4.039163354e+00 5.987582026e+00
-1.777436688e-01 1.323872510e+00 4.219048691e-01 2.448293561e+01 4.657984729e+00
-1.413342113e+00 3.122984474e+00 4.925957032e-01 3.136723245e+01 4.039953021e+00
-7.064180619e-01 1.963782407e+00 8.748816705e-02 2.524155712e+01 4.892724838e+00
3.765776442e-01 1.881342750e+00 1.437060071e-01 6.376625280e+00 3.755713782e+00
1.315698237e+00 1.447090048e+00 7.156548601e-01 1.066750128e+00 4.900441896e+00
1.320942947e+00 1.829938274e+00 7.145703969e-01 6.632622474e+00 3.146287040e+00
-7.659604113e-01 9.923347790e-01 4.052546432e-01 2.894965060e+01 6.234555180e+00
1.134994743e-01 1.400923205e+00 7.991728163e-01 3.839742691e+01 4.794381253e+00
-6.093981741e-01 1.118783201e+00 4.857659370e-01 5.085260711e+00 4.396586987e+00
-4.149456704e-01 1.344167683e+00 1.714660862e-01 3.125515015e+01 5.418058746e+00
-4.675549351e-01 1.299605855e+00 7.711296382e-02 1.120945393e+01 5.798137477e+00
-2.109837220e-01 2.027270812e+00 6.899408587e-01 3.964899830e+01 5.642829973e+00
-1.559757038e+00 1.563981180e+00 1.164783251e-01 7.493169341e+00 6.134272853e+00
-1.417120367e-01 2.960631857e+00 3.881020169e-01 1.641183478e+01 5.287468643e+00
-5.841687606e-01 1.620467474e+00 2.656060980e-02 8.221407534e+00 5.172973401e+00
-7.421402595e-01 1.406327995e+00 6.006672007e-01 2.104089570e+01 3.975984826e+00
2.273769287e-01 2.170738955e+00 3.018296814e-01 7.833016010e+00 5.387765323e+00
-2.820141588e-02 2.714806922e+00 7.901910654e-01 2.086386146e+01 6.196860169e+00
6.898230213e-01 3.072873091e+00 2.578026705e-01 3.609125490e+01 5.606455535e+00
-1.137106701e-01 2.754898074e+00 2.348922734e-01 3.531016337e+01 6.254063243e+00
1.102496270e+00 2.262282387e+00 2.119456462e-01 3.213666101e+01 5.341006722e+00
9.053645881e-01 1.525685231e+00 9.812937289e-03 9.106174990e-01 6.090201127e+00
1.288883847e-01 2.224990330e+00 2.411717876e-01 3.192609617e+01 4.042530795e+00
1.401335863e+00 2.781943044e+00 7.905134836e-01 2.150693627e+01 5.648110400e+00
4.596520562e-01 1.284779028e+00 5.338336287e-01 5.603760578e+00 4.824216735e+00
-2.467911004e-01 2.823776120e+00 4.391081478e-01 2.464109059e+01 4.738383069e+00
-8.593166720e-01 2.317330052e+00 3.277351775e-01 3.558557519e+01 3.958964806e+00
-1.059884269e+00 1.011083546e+00 3.398432336e-01 2.308094468e+01 3.970343749e+00
-4.560781264e-01 2.612291733e+00 2.495549689e-01 3.186236685e+01 4.408308291e+00
-7.986626362e-01 1.426640944e+00 3.406871709e-01 1.930435782e+01 3.617350784e+00
-1.009123842e-01 3.054113925e+00 4.025742552e-01 2.286952456e+01 3.687841423e+00
8.681323445e-01 2.271640300e+00 2.785419528e-01 6.404567999e+00 3.572734530e+00
-1.448561328e+00 1.311840062e+00 4.371093414e-02 1.841820104e+01 5.531916890e+00
8.856064221e-01 2.974627147e+00 4.397182291e-01 3.878104605e+01 6.005261055e+00
-1.042058293e+00 1.764546499e+00 5.056604473e-01 1.923832482e+01 3.557658520e+00
2.789765455e-01 7.978830324e-01 7.895984707e-01 2.079014571e+01 5.954587022e+00
-1.556155191e+00 3.073849431e+00 2.014527110e-01 1.468161411e+01 5.050484563e+00
1.046088243e+00 2.130444975e+00 2.581324717e-01 1.879727656e+01 3.415971691e+00
6.830739458e-01 1.474731286e+00 9.764744704e-03 2.059141239e+01 4.445427207e+00
-1.009721848e+00 1.934568058e+00 5.216764256e-01 1.597720063e+01 5.733066301e+00
1.315325351e+00 2.399552603e+00 7.311130960e-01 1.230849055e+01 3.421376020e+00
-4.630328474e-01 2.118409862e+00 6.713187305e-01 1.271498383e+01 5.263786124e+00
3.528750372e-01 7.876618074e-01 1.272744389e-01 1.394549309e+01 4.197426942e+00
-8.910026075e-01 2.255473304e+00 5.768603525e-01 3.591371197e+01 4.945627976e+00
-4.509767924e-03 2.959614963e+00 5.962227892e-01 2.598819017e+01 3.818651192e+00
5.755893896e-01 2.762340500e+00 2.475047504e-01 1.240296970e+01 5.904758901e+00
-9.491450939e-01 8.268886747e-01 5.370347308e-01 7.841085501e+00 5.616231508e+00
-5.462676361e-01 2.944718222e+00 6.353971213e-01 2.188359122e+01 4.172903170e+00
-2.084942445e-01 1.688927254e+00 4.232406757e-01 1.589999504e+00 5.011191376e+00
1.730188485e-01 1.130546150e+00 4.619691839e-01 8.326372431e+00 4.859282672e+00
-6.555593785e-01 2.700601920e+00 6.583070659e-01 2.946561143e+01 3.268298448e+00
-8.517701494e-02 2.074882355e+00 9.073362382e-03 3.242558751e+01 3.588884422e+00
-1.242975492e+00 3.058104587e+00 2.949804599e-01 3.863352357e+01 5.119296232e+00
-1.949699096e-01 1.278221916e+00 5.597016511e-01 1.379461602e+01 4.352051848e+00
-1.503495787e+00 2.151963697e+00 6.954806907e-01 2.591374427e+01 3.660987010e+00
-1.007841667e+00 1.869337398e+00 6.100061326e-01 3.489834101e+00 5.414938421e+00
1.297040418e+00 8.916745914e-01 1.804978594e-01 2.783779276e+01 6.029972540e+00
-9.205048836e-01 1.378055699e+00 3.443006050e-01 1.395657947e+01 5.496278304e+00
-4.266634748e-01 1.941372201e+00 4.410815485e-01 1.089480323e+00 4.759085506e+00
-1.001298866e+00 2.209463472e+00 6.548541668e-01 2.901198654e+00 5.635039998e+00
2.673261036e-01 1.996180948e+00 6.395788557e-01 6.716350422e+00 4.035879547e+00
2.769483668e-01 2.662125768e+00 5.533388118e-01 2.476835343e+01 4.064662938e+00
1.233991618e+00 8.590088049e-01 5.447230861e-01 1.049112593e+01 4.612715976e+00
7.313000388e-01 1.447547641e+00 5.053500788e-01 1.302285033e+01 4.177234625e+00
1.393003916e+00 1.280505148e+00 1.705894722e-01 2.738262257e+01 3.900659791e+00
-9.583785024e-01 3.093600649e+00 1.409067090e-02 2.053407490e+01 3.905836194e+00
-8.130102391e-01 2.710583639e+00 9.250953114e-02 3.554913584e+01 5.282272367e+00
1.149094076e+00 1.968430174e+00 2.220579236e-01 9.313561618e+00 6.094079691e+00
1.162089790e+00 8.691831867e-01 2.605389449e-01 2.421848663e+01 3.564702672e+00
-1.149811066e+00 1.675937272e+00 2.989075534e-01 2.066004978e+01 5.546692342e+00
-4.305355875e-01 2.629763145e+00 4.588313003e-01 2.113805475e+01 4.036445965e+00
-1.527285080e+00 1.584101837e+00 7.634763695e-01 4.274905559e+00 5.328510375e+00
-8.364618263e-01 2.399521536e+00 4.162831925e-01 2.333206020e+01 5.332097367e+00
-4.841076320e-01 1.206224498e+00 6.602172531e-01 1.430696884e+01 6.185018774e+00
-6.012585089e-01 1.706946633e+00 2.474634710e-01 1.334193676e+01 3.994069829e+00
-1.189336535e+00 2.561669639e+00 6.211415574e-01 3.078632902e+01 4.457091399e+00
1.423235289e+00 1.535397965e+00 7.959994543e-03 3.021675477e+01 5.584518170e+00
-4.464572904e-01 2.764323655e+00 2.039587152e-01 6.682865984e+00 4.123498667e+00
-8.626232014e-02 1.703826003e+00 7.343553981e-01 8.867632814e+00 5.644455601e+00
6.115454242e-01 9.171540467e-01 3.296776564e-01 1.717782663e+01 3.632242904e+00
9.899918919e-01 1.305228138e+00 7.311447774e-01 6.048268354e+00 6.112392743e+00
1.222987747e+00 2.682645513e+00 3.207566203e-01 2.908902641e+01 3.322252718e+00
2.750474483e-01 2.284679308e+00 4.971689745e-01 1.961284428e+01 3.246130458e+00
1.206046960e+00 1.350623676e+00 3.604411346e-02 1.597970662e+01 3.844890709e+00
1.695687810e-01 1.784070468e+00 5.590017682e-01 3.328918325e+01 3.753341632e+00
9.280485985e-01 1.528705728e+00 1.477850992e-01 3.962800058e+01 5.235645740e+00
-8.090862327e-01 1.871697827e+00 3.609124192e-01 2.931704397e+01 5.749993980e+00
7.833431577e-01 1.723377049e+00 2.192130077e-01 2.478679210e+01 4.077876308e+00
-7.565533004e-01 1.575903068e+00 4.729274293e-01 2.130152633e+01 5.566279105e+00
2.414460708e-01 2.660994634e+00 4.732896195e-02 1.622138301e+01 3.196101515e+00
1.368049681e+00 2.127403693e+00 6.328868271e-01 3.055061087e+00 3.882102208e+00
3.587884621e-01 1.229396794e+00 6.956520913e-01 2.334126908e+01 4.250465255e+00
-1.348363030e+00 9.573159679e-01 3.592580322e-01 2.853967186e+01 5.380197154e+00
1.234094032e+00 3.052846391e+00 5.768156107e-01 5.604638156e+00 4.312536439e+00
6.156782796e-02 2.450051998e+00 7.266540586e-01 3.594571080e+01 4.944250999e+00
-1.305887862e+00 2.462560641e+00 1.638346008e-01 1.712808819e+01 6.243357874e+00
-3.951870903e-01 2.428734716e+00 3.807947209e-01 2.898273757e+01 6.119533102e+00
7.307605677e-01 1.797061270e+00 6.455120648e-01 2.762105218e+01 3.757557685e+00
-1.278041606e+00 1.960640770e+00 3.474423646e-01 1.585173564e+01 6.007287862e+00
5.268532791e-01 2.251519806e+00 6.642382660e-01 6.807737614e+00 3.602026760e+00
1.558422321e+00 2.432671818e+00 1.591968532e-01 3.382081479e+01 5.819920160e+00
-9.759170082e-01 1.207081291e+00 2.555808865e-01 2.683254145e+01 6.271422518e+00
4.321564853e-01 2.021840625e+00 5.417047759e-01 2.463711893e+01 4.744304472e+00
1.330155313e+00 8.457918004e-01 5.090276834e-01 5.525799033e+00 5.424530068e+00
9.812073926e-01 1.788612754e+00 3.131365364e-01 5.110666765e+00 3.993135334e+00
-8.309800108e-01 8.774259445e-01 1.580922647e-01 3.306260996e+01 5.381896982e+00
5.021255675e-01 1.655479191e+00 6.959539091e-01 1.407113920e+01 3.440243772e+00
1.174707577e+00 2.588486069e+00 6.008951563e-01 3.208984610e+01 3.982629122e+00
5.639370147e-01 2.325937933e+00 5.410318204e-01 3.887174757e+00 4.480724554e+00
-1.026716309e+00 2.223808834e+00 3.122399742e-01 7.228881808e-01 3.368029474e+00
1.014835963e+00 1.597785773e+00 6.314760270e-01 2.069254151e+01 6.126785001e+00
1.075086701e+00 1.882489479e+00 4.704642586e-01 1.362035882e+01 4.819820947e+00
1.178245034e+00 1.255613394e+00 4.275896516e-01 2.826075656e+00 4.056860367e+00
-1.187142002e+00 1.280044165e+00 6.763394094e-01 2.087201079e+01 4.953086307e+00
-3.518903972e-01 1.175095213e+00 1.716980333e-01 2.377553916e-01 5.723628461e+00
7.997295289e-02 1.428535734e+00 7.292799600e-01 3.060643173e+01 5.184693748e+00
-1.172618526e+00 2.875966545e+00 7.990917024e-01 1.121683932e+01 3.315122948e+00
-3.298337656e-01 2.773585768e+00 7.854943638e-01 3.325712629e+01 5.898828679e+00
1.305042213e+00 2.974618976e+00 5.000185305e-01 3.905927714e+01 3.915714990e+00
8.014177761e-01 2.833165696e+00 7.044518711e-01 9.360900446e+00 3.595680005e+00
-1.372320661e+00 1.022662949e+00 5.213559018e-01 1.234635514e+01 6.071766435e+00
7.337877100e-01 2.622181916e+00 4.884579828e-01 2.876307384e+01 4.459128372e+00
1.067734687e-01 1.876092166e+00 3.244982866e-01 2.696341743e+01 4.221744700e+00
1.494695146e+00 2.530713598e+00 3.841380230e-01 4.799658359e+00 4.822052736e+00
5.931752219e-01 2.789938059e+00 6.101903211e-01 7.104802160e+00 6.028820253e+00
1.535429615e+00 2.472377811e+00 6.116737918e-01 1.620120033e+00 5.264693119e+00
-3.273128425e-01 2.465819277e+00 6.035537299e-01 1.378825225e+01 5.595193796e+00
8.893386963e-01 2.892922471e+00 7.302629845e-01 5.033318623e+00 4.599702044e+00
9.555410387e-01 1.323729289e+00 8.183841452e-02 1.033013864e+01 4.161352699e+00
-1.155431224e+00 1.551856057e+00 6.549773129e-01 3.625810262e+01 5.581999878e+00
-9.572770792e-01 2.978503190e+00 1.326555192e-01 2.227381496e+01 6.244594730e+00
1.663914863e-01 8.755316648e-01 3.104800849e-01 2.417876980e+01 4.572040492e+00
9.909057587e-01 1.962463451e+00 5.395366689e-01 1.449759009e+01 4.897778210e+00
-7.630769110e-01 3.022080059e+00 6.727205069e-01 7.671123014e+00 3.687725408e+00
-1.507868986e+00 1.922990377e+00 2.345104642e-01 1.472102406e+01 4.820790898e+00
-6.184773365e-01 1.320721785e+00 4.109881041e-01 1.737681551e+01 4.584355119e+00
-4.257786726e-01 2.978984648e+00 7.899601440e-01 3.770852080e+01 3.475818248e+00
3.421462441e-01 2.779882512e+00 4.911228633e-01 2.289341559e+01 4.895078129e+00
-9.803469670e-01 9.966164883e-01 2.274054509e-01 6.547956575e+00 6.148773648e+00
-7.548106320e-01 3.003754260e+00 4.478445714e-01 3.219355326e+01 6.176682548e+00
3.817905267e-01 8.440142380e-01 4.582886876e-01 1.934263333e+01 3.573003366e+00
-1.156015850e+00 2.054770186e+00 1.843191536e-01 3.530545100e+01 5.024330274e+00
-2.644195305e-01 1.961114351e+00 4.781591761e-01 4.890371405e+00 5.505021394e+00
-2.216163845e-01 2.790835172e+00 6.149776631e-01 8.649160431e+00 5.328021492e+00
-1.161971969e+00 2.766779654e+00 3.605872903e-01 1.437964493e+01 3.871032541e+00
-1.107994555e+00 2.315514036e+00 6.733346527e-02 3.220141152e+01 6.081467821e+00
-3.322777892e-01 1.929478559e+00 4.548770166e-01 2.732105341e+00 4.761751936e+00
7.503942363e-01 1.344954055e+00 2.587399860e-01 4.910977776e+00 6.029702041e+00
4.401166656e-01 1.650505554e+00 1.106257645e-01 2.539656945e+01 5.519488750e+00
9.156554261e-01 1.424699153e+00 7.436473469e-01 2.404727967e+01 4.528932884e+00
4.855370327e-01 2.114816350e+00 7.667124124e-01 3.627357434e+01 3.445232613e+00
-1.414593621e+00 1.799483729e+00 1.102082774e-01 1.011033408e+01 4.635617030e+00
9.478088162e-01 1.675424585e+00 3.865884967e-01 2.563884457e+01 4.583543633e+00
-6.359741376e-01 1.980044373e+00 4.620885317e-01 1.760867024e+00 5.163030170e+00
-2.676759230e-01 1.183941322e+00 2.731948384e-01 1.644376702e+01 5.269366510e+00
-8.659571148e-01 2.389419251e+00 6.305413483e-01 2.010634935e+01 4.675685540e+00
7.048897789e-01 2.098418241e+00 2.159131943e-01 2.321276243e+01 5.249691876e+00
9.477864910e-01 2.197310032e+00 1.515094440e-01 1.995054754e+01 5.667679783e+00
1.126960340e+00 1.633267007e+00 3.695468311e-01 2.260870621e+01 3.403688701e+00
-7.621486208e-01 1.542389095e+00 4.224280292e-01 8.905601795e+00 4.940423307e+00
3.555387062e-01 2.052185610e+00 6.385790919e-01 2.863624432e+01 4.074438094e+00
-5.489090212e-01 2.337911643e+00 7.081305610e-01 2.534466163e+01 4.188952975e+00
1.007576088e+00 3.055618456e+00 2.345167817e-01 2.952423540e+01 5.366025020e+00
-1.160662008e+00 2.490880386e+00 1.094785224e-01 4.307414282e+00 5.699986398e+00
8.854551645e-01 1.162332551e+00 1.441645610e-01 2.239523865e+01 4.796633606e+00
1.965048812e-01 1.661591734e+00 6.450634429e-01 2.397473105e+01 5.506401544e+00
-9.219238211e-01 2.031020764e+00 5.798949318e-02 1.682275142e+01 3.868268090e+00
-1.458503426e+00 1.022096216e+00 1.564275038e-01 5.390807844e+00 5.167039257e+00
-1.265821166e+00 8.018305034e-01 5.509285480e-01 1.365886051e+01 5.620691077e+00
1.178784965e+00 1.199618486e+00 3.205439051e-01 1.615887514e+01 5.876465820e+00
7.055352019e-01 1.925111481e+00 4.899142819e-01 1.715883699e+01 3.370773611e+00
8.076092208e-01 1.942607371e+00 5.100968306e-01 2.218165884e+00 5.835878951e+00
1.552443016e-01 1.976752432e+00 7.949674868e-01 3.249225648e+01 3.610913414e+00
-3.618737709e-01 1.094170985e+00 4.320583402e-01 2.311482556e+01 4.564156748e+00
-3.257768250e-01 2.502135530e+00 8.737963061e-02 2.850176263e+01 5.204195252e+00
-1.385701982e+00 2.163233558e+00 7.480392206e-01 1.911365532e+01 5.093616723e+00
3.320309485e-01 1.255971326e+00 4.030164580e-01 3.197346077e+01 5.615300789e+00
5.578403161e-01 2.456023464e+00 2.233133793e-01 2.040005111e+01 3.917618320e+00
-1.234405291e+00 2.686251669e+00 1.404234690e-02 3.756826260e+00 3.589836564e+00
1.024210392e+00 2.822225310e+00 3.016875501e-01 2.061466789e+00 3.256386660e+00
5.874335079e-01 2.905715855e+00 6.268966729e-01 1.089879725e+01 4.898042028e+00
1.404088907e+00 2.455252125e+00 3.465961174e-02 1.722453919e+01 4.065759613e+00
1.430749968e+00 2.656893551e+00 6.427131502e-02 3.441525066e+01 4.245762581e+00
1.055681602e+00 8.933294323e-01 4.905608602e-01 8.695225833e+00 3.324193151e+00
6.731019455e-03 2.518965346e+00 6.904854464e-01 3.147988159e+01 4.007812162e+00
-2.560719722e-01 1.844229465e+00 7.205148267e-01 4.993247308e+00 3.517097066e+00
-1.525800758e+00 1.175721828e+00 5.189218937e-01 1.869225741e+01 6.125151697e+00
-3.967811285e-01 1.802222386e+00 1.995593258e-01 1.418909823e+01 5.453416546e+00
-1.154742946e+00 2.043506977e+00 2.480383661e-01 2.741152063e+01 4.982689062e+00
-1.480346733e+00 2.339299666e+00 1.581676079e-01 2.887271698e+01 6.166045891e+00
3.715639259e-01 1.207249655e+00 5.735965177e-02 6.204888562e+00 6.023525069e+00
2.969433322e-01 8.273198042e-01 6.805644102e-01 2.267367504e+01 6.101295316e+00
7.100052288e-01 2.508422148e+00 1.268241900e-02 1.953009030e+01 5.034162892e+00
3.054171182e-01 3.095846312e+00 7.732984409e-01 6.795237865e+00 4.770082716e+00
1.435074610e-01 1.924608987e+00 3.427298563e-01 3.555302962e+01 5.856350925e+00
2.402771412e-01 2.416167043e+00 6.409164343e-01 1.213761618e+01 4.741936567e+00
-2.328309359e-01 2.190819840e+00 4.189689520e-01 1.483067701e+01 4.044677825e+00
1.071774552e+00 1.499002434e+00 1.866470414e-01 2.828674541e+01 5.813338537e+00
-1.351016322e+00 2.271928336e+00 9.168432635e-02 8.408176435e+00 4.014812478e+00
-1.450648671e+00 2.393263665e+00 6.130523557e-01 2.889035692e+01 5.490970292e+00
-1.491131305e+00 2.821758494e+00 3.835551810e-01 3.992277726e+01 5.213964865e+00
-1.078150772e-01 2.418438369e+00 3.310286704e-01 2.320587255e+01 3.361366304e+00
6.599954455e-01 1.774072255e+00 2.606293347e-01 4.985586346e+00 5.330041981e+00
8.530036934e-01 2.504471104e+00 4.533013864e-01 2.116607192e+01 5.308666353e+00
1.885542007e-01 8.233612940e-01 4.869295453e-01 1.162482120e+01 3.361419156e+00
9.993589674e-01 1.694758877e+00 5.951098266e-01 2.786158023e+01 5.278790332e+00
9.899703221e-01 8.123788023e-01 1.628061435e-01 3.399603974e+01 3.141986143e+00
-9.429815967e-01 9.748412995e-01 3.513372547e-01 3.999117896e+01 6.247155297e+00
-8.901452615e-01 1.611467261e+00 3.767457436e-01 1.628649814e-01 3.540455977e+00
1.131057703e+00 2.134565782e+00 4.641858832e-01 1.482433602e+01 4.576891162e+00
1.559327122e+00 2.645768718e+00 2.896629527e-01 1.707577707e+01 6.091819273e+00
-9.415243631e-01 2.501354114e+00 6.837515382e-01 2.082333682e+01 5.580944435e+00
3.249229901e-01 1.562691037e+00 3.349441227e-01 7.176924285e+00 3.636685704e+00
-7.222408162e-01 1.018266793e+00 7.282169865e-01 3.398527344e+01 5.214420296e+00
1.437543361e-01 1.612411453e+00 7.911444470e-02 5.520722380e+00 5.415120773e+00
1.366286720e+00 1.602272806e+00 5.143501897e-01 1.592986602e+01 4.680715011e+00
-8.824872189e-01 2.376875705e+00 6.080142444e-01 2.153116897e+01 4.597494175e+00
-1.411440515e+00 1.166382703e+00 1.330225448e-01 2.574382860e+01 4.909724417e+00
2.511160585e-01 1.629833857e+00 5.541327612e-01 1.105442240e+01 5.570894533e+00
1.047675211e+00 1.249257311e+00 4.075634124e-01 5.739006424e+00 4.150260289e+00
1.176194738e-01 1.127278547e+00 2.044018659e-01 1.431013254e-01 3.431325736e+00
2.340790578e-01 8.078174161e-01 5.187137239e-01 1.699017419e+01 4.875181133e+00
3.821753545e-01 1.588766416e+00 1.313063133e-01 1.362577436e+01 3.932247566e+00
-4.163707059e-02 9.906093317e-01 4.608501215e-01 3.350308643e+01 3.496403216e+00
-1.354680448e+00 2.982922228e+00 1.608171830e-01 1.557742054e+01 4.666772353e+00
-3.424212705e-02 2.046190950e+00 1.508563260e-01 1.679593828e+00 3.814329459e+00
2.999344303e-01 2.598998050e+00 1.296134984e-01 3.664235297e+01 5.378840533e+00
-1.392353277e+00 9.372988928e-01 2.935348507e-02 2.626675956e+01 6.051036596e+00
5.250137573e-01 2.249415932e+00 1.517322241e-01 2.895255437e+01 4.480665235e+00
8.966412771e-01 2.740644033e+00 1.414259437e-01 4.039710413e+00 4.214878436e+00
1.366679321e+00 2.632726691e+00 1.693426115e-01 3.060288404e+01 5.054959365e+00
6.759828331e-01 1.342363395e+00 7.140258929e-01 6.776454900e-02 5.057507965e+00
1.265950406e+00 2.148543899e+00 3.884579449e-01 3.646714785e+00 5.691882752e+00
1.082211035e+00 2.341594537e+00 7.276127322e-01 1.402972919e+01 4.758255970e+00
6.198898262e-01 2.765766177e+00 5.014140281e-01 7.980549841e+00 4.602112615e+00
-5.325665713e-01 1.859731761e+00 5.876319101e-01 2.500424591e+01 5.734499260e+00
-1.389966543e+00 2.835910366e+00 2.552139256e-01 2.302769868e+01 4.182759257e+00
1.492109746e+00 1.162996036e+00 5.794318551e-04 1.345519342e+01 6.133700469e+00
4.037217919e-01 1.483480397e+00 5.354344204e-01 3.151661435e+01 4.616827209e+00
1.413184996e+00 1.223082447e+00 3.809936353e-01 3.854670619e+01 4.593917723e+00
-1.078170263e+00 2.589193834e+00 5.967375022e-01 3.842139789e+01 3.886443259e+00
-8.716149264e-01 2.915826829e+00 5.085189598e-01 1.167714693e+01 3.605729839e+00
2.179337434e-01 1.586938642e+00 2.681531109e-01 2.477098052e+01 3.910170831e+00
-6.796250489e-01 1.833805472e+00 4.716344098e-01 3.821976654e+00 4.014050330e+00
-1.501346170e+00 1.151810641e+00 3.042328510e-02 1.565231339e+01 4.691448308e+00
4.888324052e-01 3.062452119e+00 4.642280426e-01 1.411826764e+01 5.670149353e+00
-9.604327658e-01 1.645942456e+00 7.574970930e-01 7.817436563e+00 3.961475322e+00
1.111380329e+00 2.789214343e+00 3.653804618e-01 3.590512133e+01 5.656413889e+00
-1.244614610e+00 2.527260655e+00 2.658869481e-01 1.011587319e+01 5.347856833e+00
-4.934935741e-01 1.995939914e+00 6.381977543e-01 3.106706795e+01 5.966831778e+00
-5.705993762e-01 9.933387455e-01 3.366469988e-01 1.972840493e+01 5.899567562e+00
-7.321498541e-01 9.573823180e-01 9.832675998e-02 1.081993131e+01 4.817399564e+00
1.895253067e-01 2.687868569e+00 4.621551626e-01 2.604165451e+01 3.732882841e+00
1.145624714e-01 2.684132551e+00 1.528516553e-01 2.903386291e+01 3.794151665e+00
-1.284511181e+00 8.358772054e-01 1.036709404e-01 5.357193463e-01 5.309405888e+00
-3.494434291e-01 3.014592799e+00 4.637014364e-01 2.958748596e+01 4.738364670e+00
-1.233263774e-01 1.771080445e+00 6.901902937e-01 3.279825691e+01 5.938806591e+00
1.148675024e+00 1.361902201e+00 3.558980448e-01 2.951484441e+01 5.265990280e+00
8.822339949e-01 2.544598165e+00 3.528343191e-01 3.940775932e+01 5.242277502e+00
1.018469245e+00 2.322587103e+00 1.878569755e-01 6.200551522e+00 3.590189900e+00
3.683123544e-01 2.771719539e+00 7.629647304e-01 2.436415726e+01 4.980640660e+00
3.526952080e-02 1.756940670e+00 2.857522283e-01 2.578346938e+01 5.112824387e+00
1.396664545e+00 2.253589049e+00 4.402242875e-01 2.264063909e+01 6.090936340e+00
-1.263721066e-02 2.536004623e+00 3.548456997e-01 3.573425031e+01 3.725753714e+00
-8.417918059e-02 2.865756300e+00 6.736348353e-01 7.669859909e+00 5.367319861e+00
2.402924707e-01 2.475982719e+00 6.902124829e-01 2.420670446e+01 5.309759493e+00
-6.175806190e-01 8.454868758e-01 6.845365476e-01 3.463315168e+01 4.690888378e+00
1.202753413e+00 1.941351979e+00 4.621923540e-01 4.910046653e+00 3.364147122e+00
7.185161136e-02 2.905622800e+00 3.777902894e-01 3.824052007e+01 4.742907302e+00
1.594744296e-01 2.135569882e+00 2.525517553e-01 2.485091974e+01 4.863565527e+00
-8.796959639e-01 1.615731882e+00 4.152873362e-01 2.115005450e+01 5.861558852e+00
1.498166496e-01 2.951274997e+00 2.732155305e-01 1.434784448e+01 4.808065226e+00
6.901376821e-02 1.161908418e+00 1.112797909e-01 2.083561870e+01 5.228354483e+00
-8.051007475e-01 2.402643083e+00 5.449282694e-01 3.265018509e+00 3.179341768e+00
-2.269297088e-01 1.047476026e+00 7.308578697e-01 2.242949052e+01 5.885544831e+00
-1.262495268e+00 1.672903183e+00 5.479920917e-01 1.095457827e+00 5.539263463e+00
-8.753471012e-01 2.916838112e+00 6.588947094e-01 1.439232328e+01 4.635157630e+00
1.292075485e+00 9.278013636e-01 7.600142414e-01 3.080936483e+01 4.339756698e+00
1.187465001e+00 1.051865430e+00 2.632986120e-01 1.712087073e+01 5.241568124e+00
1.034970535e+00 1.014184576e+00 2.918396510e-01 3.051620266e+00 5.906259742e+00
6.943091441e-01 3.043453002e+00 5.592083741e-01 1.049008095e+01 4.728143493e+00
-5.532982220e-01 2.670325123e+00 8.671244607e-02 2.435215783e+01 5.605992638e+00
-1.330166511e+00 8.923481795e-01 7.409073697e-01 1.812806585e+01 5.617293812e+00
7.201199464e-01 3.023003181e+00 7.092012580e-01 2.805007787e+00 4.909086895e+00
-1.018249457e+00 2.643769621e+00 1.052659990e-02 2.757683282e+00 6.047610318e+00
6.126592486e-01 1.911411264e+00 2.898175812e-01 3.295531145e+01 5.904619215e+00
8.599138801e-01 2.506124952e+00 4.273788147e-01 2.490115258e+01 6.262262780e+00
-3.798179431e-01 2.503241441e+00 6.375238917e-01 8.944258659e+00 5.388721314e+00
-1.403193863e+00 1.455946472e+00 3.613496367e-01 3.929268231e+01 4.856280568e+00
4.015055401e-01 1.333182317e+00 1.881918339e-01 3.538520495e+01 4.311127108e+00
-2.565069145e-01 2.064139249e+00 6.201489437e-01 9.656298952e-01 4.557334742e+00
-1.376178226e+00 1.991134552e+00 5.731058525e-02 2.560607931e+01 5.800134517e+00
-3.163212891e-01 1.369595665e+00 5.430157488e-01 3.124494389e+01 4.741638120e+00
1.338824538e+00 1.317795034e+00 4.696339147e-01 2.684006268e+01 4.642381809e+00
-9.102953457e-01 1.317553416e+00 1.682061681e-01 2.937527280e+01 4.683287617e+00
1.135315464e+00 1.220570738e+00 3.187986734e-02 7.815888517e+00 5.608189053e+00
-8.684185379e-02 1.854203109e+00 2.086082440e-01 2.304956245e+01 6.093851682e+00
3.775731483e-01 1.145733884e+00 7.224690864e-02 2.406704842e+01 4.251762796e+00
-7.101348417e-01 2.158556177e+00 5.087309973e-01 1.461487367e+01 6.023765494e+00
-4.786949113e-01 1.392927208e+00 3.025677692e-01 3.459771884e+01 5.819815415e+00
-1.372078501e+00 2.586936700e+00 7.789803562e-01 3.039960084e+01 4.382398782e+00
-1.290698221e+00 2.919391518e+00 7.287912493e-01 3.428732836e+01 5.672114833e+00
2.827054285e-02 1.272705384e+00 1.808837361e-01 3.914832298e+01 4.651970394e+00
-7.791624304e-01 1.791115342e+00 6.069680028e-01 1.323191005e+00 3.552544836e+00
8.424645794e-01 2.900877313e+00 5.875703944e-01 7.751841941e+00 5.970253774e+00
-4.767666333e-01 1.740320311e+00 7.875625800e-01 3.262898749e+01 3.835412185e+00
1.150984588e+00 1.070681337e+00 1.287582989e-01 3.640036704e+01 4.326934878e+00
1.008346595e+00 9.540828251e-01 7.491581349e-01 2.848473897e+01 4.479189346e+00
-8.922400623e-01 1.063783841e+00 7.801253688e-01 1.064996432e+01 3.707633710e+00
-1.203873151e+00 2.974777492e+00 4.474116366e-01 2.083854723e+01 3.946145489e+00
-5.569628488e-01 2.768362363e+00 4.996133300e-01 9.377117062e+00 6.133421972e+00
1.852486185e-01 1.379515287e+00 1.146878586e-01 3.137227173e+01 5.387173130e+00
1.096264665e+00 1.978333120e+00 1.354582457e-01 7.743779397e+00 4.769120613e+00
1.504682022e+00 2.769650534e+00 5.638846523e-01 1.825839951e+01 5.751066442e+00
8.966175117e-01 1.817049153e+00 3.648289285e-01 7.897125886e+00 5.919483933e+00
-5.395401883e-01 2.130504633e+00 5.338527983e-01 3.694160817e+01 4.291168365e+00
1.500099128e+00 2.832910151e+00 7.926332345e-02 4.965197355e+00 4.725316076e+00
1.256263089e+00 2.583888145e+00 7.323899979e-01 1.543007828e+01 4.473342562e+00
5.267441908e-02 2.126169902e+00 3.591858897e-01 2.020394145e+01 6.270988995e+00
-3.420114853e-01 2.630543110e+00 6.395840754e-02 1.039916018e+01 4.562266666e+00
-3.929530011e-01 1.526779566e+00 4.124156248e-01 3.421455621e+01 4.001407165e+00
1.521044281e+00 2.482235995e+00 7.584258380e-01 1.749426799e+01 5.085774904e+00
-3.400188673e-01 2.246906337e+00 6.055977319e-01 3.075295812e+01 4.183898914e+00
4.517193421e-01 2.834062403e+00 2.664969539e-01 1.346157398e+00 3.914652065e+00
-1.191456108e+00 1.779973339e+00 3.232831043e-01 9.641310799e+00 4.327172303e+00
-1.214881947e+00 2.079823887e+00 1.820297540e-01 2.187112413e+01 4.350416504e+00
7.131145148e-01 1.117464918e+00 1.338363273e-01 1.986613981e+01 6.111240404e+00
1.167693841e+00 1.715473390e+00 3.470842926e-01 3.694406348e+01 5.821313319e+00
1.911178602e-01 1.776857360e+00 2.616046746e-01 1.495456143e+01 4.297361850e+00
1.099132548e+00 9.650170613e-01 4.882321079e-01 2.109103650e+01 6.113593077e+00
-1.555637075e+00 1.912519921e+00 2.024319597e-01 2.107685700e+01 5.821563901e+00
-3.869367204e-01 2.056054510e+00 7.035575775e-02 3.442755944e+01 3.299552178e+00
-1.481657381e+00 1.513268656e+00 3.624147034e-01 1.465929276e+01 6.024188370e+00
-3.459905717e-01 1.503223166e+00 6.675577767e-02 2.613144670e+01 3.648373054e+00
-5.917065895e-01 2.157978842e+00 6.027569630e-01 1.347769289e+01 5.849663477e+00
-4.363105033e-01 1.374797996e+00 2.102430658e-01 3.965258732e+01 3.458985777e+00
-1.089431064e+00 2.855258763e+00 1.908005191e-01 2.725798418e+01 6.129734955e+00
7.764192758e-01 1.385752927e+00 7.381908581e-01 2.722086003e+01 5.078466348e+00
1.555573092e+00 2.372317412e+00 3.598044213e-01 1.817820076e+01 3.247703550e+00
-1.555940856e+00 2.241375925e+00 2.105942999e-01 1.309510326e+01 5.576948885e+00
4.515608545e-01 3.077339830e+00 4.280180413e-01 6.061461637e+00 5.895373038e+00
-5.332398532e-01 2.362713387e+00 6.137996851e-01 2.381167272e+01 6.227138556e+00
1.337600018e-01 1.097579195e+00 7.761260301e-01 9.916286749e-01 5.621720958e+00
-2.402077557e-01 2.658407792e+00 4.698551826e-01 4.461266639e+00 5.305613354e+00
1.474018564e+00 2.917139363e+00 1.152116693e-02 2.453298173e+01 5.859028608e+00
-9.464680787e-01 1.513304414e+00 9.998887078e-02 7.097842948e+00 4.752233539e+00
3.264222802e-01 1.431648983e+00 7.934734131e-01 1.844955004e+01 4.386621415e+00
7.071317095e-01 1.040857867e+00 1.000709254e-01 2.046887444e+01 3.833152358e+00
-1.159755448e+00 3.049009232e+00 3.064598547e-01 2.588032924e+01 4.032539586e+00
5.677512273e-01 2.036730981e+00 2.053266659e-01 3.299513414e+01 5.409313755e+00
1.025934304e+00 2.118442337e+00 2.694004418e-01 1.500008407e+01 3.172666518e+00
-1.811631051e-01 2.220255431e+00 5.375196155e-01 3.770652563e+01 3.754879272e+00
-1.272290933e+00 1.363713170e+00 4.660688727e-01 7.121378626e+00 4.133296207e+00
-1.171560100e+00 1.293856084e+00 4.986877459e-01 3.082813099e+01 3.344262122e+00
-7.845324932e-02 1.572757625e+00 3.834856685e-01 9.373751918e+00 5.918660169e+00
7.223317314e-01 1.350019788e+00 1.579867707e-02 2.308880677e+01 5.086439537e+00
3.901481550e-01 1.883619432e+00 6.360859609e-01 2.850806660e+01 4.612942332e+00
-1.242319556e+00 1.251095775e+00 5.074701322e-01 2.635975988e+01 5.972311702e+00
-5.230852197e-01 1.480024845e+00 7.757779730e-01 3.466321316e+01 5.068804509e+00
-6.727505490e-01 2.858817152e+00 3.525672818e-04 2.826207522e+01 5.882708018e+00
-4.826095551e-01 1.102278852e+00 1.715069155e-01 1.991588220e+01 4.627026424e+00
-1.205171887e+00 1.770753659e+00 3.095461597e-01 2.423363402e+01 4.112032910e+00
9.051960179e-04 3.056789927e+00 2.103084663e-02 2.279701675e+01 5.083062496e+00
-4.797410306e-01 2.990556379e+00 1.627234657e-01 1.928285296e+01 4.084300923e+00
7.030246896e-01 8.607325184e-01 5.269138973e-01 3.944692889e+00 4.926303720e+00
-1.301022546e+00 1.404415403e+00 5.440921354e-01 1.549430221e+01 4.278505171e+00
-9.467691098e-01 2.441389572e+00 2.005431318e-01 1.569839518e+01 5.287048596e+00
-1.425157048e+00 2.746190570e+00 2.910102838e-01 2.682036609e+01 5.289695578e+00
-4.260163175e-01 2.306258780e+00 4.245355509e-01 6.426447239e+00 4.795725122e+00
9.109879403e-01 1.644666175e+00 7.721210428e-01 3.234891796e+01 6.276555865e+00
-1.176536045e+00 1.741118669e+00 3.725127442e-01 3.779000627e+01 4.754994442e+00
-2.484644781e-01 1.968463586e+00 1.593116906e-01 2.454023951e+01 3.169400122e+00
5.682625737e-01 1.659867442e+00 7.204657303e-01 3.723537418e+01 4.332173773e+00
-1.117847506e+00 1.379472214e+00 3.227966542e-02 1.933568974e+01 4.240881011e+00
-1.514088675e+00 1.497647154e+00 2.543266379e-01 2.375558917e+01 5.993007223e+00
-1.511148329e+00 2.469472156e+00 4.637547145e-01 2.420106563e+01 5.560557129e+00
2.307474150e-01 1.378484585e+00 7.647766815e-01 1.248126443e+01 4.782495275e+00
-6.631029193e-01 8.779016769e-01 2.430343521e-01 3.386898222e+00 5.318231704e+00
5.414538658e-01 2.561600767e+00 7.609625780e-01 2.665417663e+01 4.534434058e+00
-9.151963501e-01 2.456019908e+00 3.449420400e-01 1.374107410e+01 3.220221794e+00
3.242962648e-02 2.292565297e+00 6.142768672e-01 8.897400467e+00 3.422053928e+00
1.233867057e+00 3.026173587e+00 4.817603403e-01 2.077642909e+01 5.242094110e+00
2.948491612e-01 1.591212317e+00 8.805978022e-02 2.754168606e+01 4.021820060e+00
4.183668251e-01 1.538343086e+00 5.679252719e-01 1.188580730e+01 4.566457024e+00
1.429580643e+00 8.436075418e-01 2.128270737e-01 2.139590715e+01 5.272427110e+00
-4.894130611e-01 2.906109031e+00 7.586351249e-01 2.129400085e+01 4.267775848e+00
-1.605732397e-01 1.216875678e+00 3.735624263e-01 1.134136273e+00 5.953805704e+00
4.538368209e-01 1.990730675e+00 2.393190434e-01 8.439094571e+00 3.869202279e+00
-1.184712894e-01 1.436008695e+00 3.914814582e-01 8.211739404e+00 4.804947425e+00
2.827611865e-01 2.087834696e+00 2.465184032e-01 8.661193198e+00 4.650337088e+00
-1.554898199e+00 2.024244287e+00 3.987182683e-01 4.265903338e+00 3.407727196e+00
1.340210514e-01 2.850021243e+00 3.758780167e-01 2.946370232e+01 5.831439594e+00
-7.647618953e-01 2.045254906e+00 3.265587373e-01 1.241403246e+01 4.444860307e+00
-4.071741727e-01 2.472919505e+00 6.845479467e-01 3.775252018e+00 4.773763463e+00
9.055964950e-01 2.191846512e+00 1.965190988e-01 3.215443349e+01 4.906657872e+00
-5.397423909e-01 3.063780344e+00 6.352225037e-01 9.772220264e+00 5.493455817e+00
1.153488496e+00 1.750104860e+00 1.991461566e-01 3.977180983e+00 6.191235068e+00
5.663268918e-01 1.371857341e+00 4.411862842e-01 2.459728735e+01 6.130151947e+00
7.921885352e-01 2.913712482e+00 3.593757664e-01 1.262416725e+01 3.503575177e+00
3.674864410e-01 2.261170225e+00 3.470321284e-03 2.384026924e+01 5.170580203e+00
1.492444412e+00 2.084994722e+00 1.556450679e-01 1.170173626e+01 5.908127279e+00
1.287352981e+00 2.130594748e+00 2.978089575e-02 3.089230453e+01 4.844829177e+00
1.224030553e+00 1.056236940e+00 6.602635320e-01 3.402639467e+01 6.072799374e+00
8.139982436e-01 2.404890157e+00 1.651117449e-01 2.322672602e+00 6.119731231e+00
-1.434682605e+00 2.342716123e+00 6.971695721e-01 1.280221777e+01 3.384232306e+00
-1.455754980e+00 2.251453736e+00 6.120860826e-01 2.208522202e+01 6.046996469e+00
9.679462017e-01 1.968332022e+00 6.422485798e-01 2.024130765e+01 5.736841775e+00
1.502168005e+00 8.201583468e-01 5.353434594e-01 3.077854783e+01 4.878188541e+00
4.989669457e-01 1.367672522e+00 4.924447088e-01 1.804267814e+01 5.220363694e+00
-3.491184064e-01 2.720929579e+00 1.909049103e-01 2.713870145e+01 5.513846695e+00
4.308911696e-01 2.245946970e+00 7.595887636e-02 1.853187856e+00 4.921386107e+00
-9.729315711e-01 2.244784716e+00 6.923777526e-01 2.631057792e+01 4.179556719e+00
-2.814781520e-01 1.339470725e+00 5.023186303e-01 1.664009348e+01 3.716279904e+00
-4.043855055e-01 2.665323847e+00 7.980542134e-01 2.428321689e+01 5.339815245e+00
-6.740690245e-01 1.208579913e+00 1.414209614e-01 1.618434439e+01 4.640062473e+00
-1.049418890e+00 1.037472517e+00 3.332883343e-01 3.553830071e+01 6.110778685e+00
1.375583030e+00 2.290997407e+00 5.633529982e-01 1.259401354e+01 3.327313930e+00
1.543982877e+00 7.875192571e-01 1.676964171e-01 2.735308907e+01 6.166163336e+00
1.912982566e-01 7.871260097e-01 2.529057128e-03 3.980143676e+01 5.109535742e+00
1.834099596e-01 1.924111191e+00 7.543588577e-01 2.328187595e+01 3.898613388e+00
1.451831383e+00 2.405442037e+00 8.849251590e-02 1.776765651e+01 5.750222877e+00
5.646657569e-01 2.559044979e+00 2.389987404e-01 4.753911094e+00 3.574745292e+00
-1.415576997e+00 3.064455922e+00 6.824413628e-01 3.292031518e+01 4.882405223e+00
-6.669496842e-01 2.137267361e+00 4.748516369e-01 6.677276390e+00 4.414001013e+00
-3.035442174e-01 2.135121764e+00 5.494510674e-01 4.668458953e+00 4.467690760e+00
-3.370163162e-01 2.693615925e+00 6.504443045e-01 3.003788601e+01 4.765386102e+00
-8.807400300e-01 1.534249735e+00 1.079270682e-01 2.451425522e+01 4.531025242e+00
-3.366958431e-01 1.160303440e+00 3.543841094e-01 6.026815094e+00 4.692008681e+00
6.661597972e-01 2.542088121e+00 2.889061758e-01 1.264480445e+01 5.657818602e+00
9.180964015e-01 2.924276976e+00 1.442004800e-01 1.395625389e+01 4.663104615e+00
1.162089900e+00 1.812262280e+00 4.722860245e-01 2.018813382e+01 5.131058919e+00
-9.949937151e-01 2.952027860e+00 5.753659946e-02 1.863153250e+01 4.487863444e+00
-2.190165088e-01 1.318229010e+00 5.392564501e-02 5.179877931e+00 3.632268882e+00
-1.098847565e+00 1.624194020e+00 4.370916608e-01 3.877842961e+01 3.628016465e+00
-7.045791608e-01 2.749802301e+00 7.102272289e-01 3.338539726e+01 3.604321202e+00
-1.382477859e+00 2.990662471e+00 6.789886900e-02 2.603136734e+01 4.831424551e+00
4.172727185e-01 2.264205499e+00 5.287766134e-01 3.857875478e+01 4.890907140e+00
-6.497383208e-01 3.017939229e+00 2.481537668e-01 4.012884652e+00 5.690340565e+00
1.258270435e+00 1.635303698e+00 1.463097605e-01 3.829824138e+01 4.758551462e+00
-6.606575921e-01 1.449401026e+00 3.748917373e-01 2.505056438e+01 5.783547411e+00
-1.306579252e+00 2.009198038e+00 6.113921611e-01 2.162441138e+01 4.522240038e+00
-1.593283234e-01 2.895577032e+00 4.876673499e-01 2.861876898e+00 4.961370757e+00
-9.099017777e-01 1.044406135e+00 3.076242226e-01 2.789766506e+00 3.556814738e+00
3.750736537e-01 1.660484142e+00 2.324723881e-01 2.431829660e+01 5.314445565e+00
1.170262902e-01 2.542203963e+00 4.589861195e-02 2.638568929e+01 4.300351414e+00
1.336702328e+00 2.236508030e+00 1.270718771e-01 2.278566003e+01 5.508963060e+00
-5.545885872e-01 1.294114567e+00 6.047497493e-01 3.698705048e+01 4.156132894e+00
7.778592422e-01 1.325264203e+00 2.660970983e-02 3.592139243e+01 3.275395867e+00
9.344585836e-01 8.109611833e-01 7.968731042e-01 3.801846357e+01 4.887873523e+00
-1.410229734e+00 2.108688037e+00 4.262474922e-01 7.922759624e+00 4.472257387e+00
-7.538640113e-01 3.070663179e+00 1.538070058e-01 6.782317420e+00 3.228257712e+00
7.619531429e-01 1.073695935e+00 4.013561400e-01 1.151765441e+01 6.169249516e+00
4.467942905e-01 2.607467712e+00 3.832684398e-01 2.283616666e+01 3.976992006e+00
5.381373902e-01 1.416320033e+00 6.390989464e-01 6.743186510e-02 5.425401319e+00
-2.417724306e-01 2.323541212e+00 3.794181627e-01 1.352556407e+01 3.168459870e+00
-1.416798191e+00 3.094625023e+00 3.565394248e-01 3.194555590e+00 5.395160552e+00
-8.550489017e-01 2.386541812e+00 6.370514020e-01 2.040977939e+01 4.907011136e+00
-7.796494176e-02 1.651760986e+00 2.769840379e-01 3.199835237e+01 5.621869477e+00
-2.974201729e-01 1.338948103e+00 3.300867911e-01 8.127709157e+00 4.466298726e+00
1.098394364e+00 2.303006891e+00 1.459113896e-01 3.801805873e+01 5.977858357e+00
1.109835795e+00 3.043477472e+00 3.369596807e-01 2.152893518e+01 5.968460795e+00
1.422384821e+00 2.588742547e+00 1.767618849e-01 8.378658357e+00 3.205839263e+00
1.535238872e+00 3.055315614e+00 7.890444519e-01 5.124975981e+00 4.458602596e+00
1.215570914e+00 2.429875163e+00 7.200437446e-01 3.552818993e+01 4.218554865e+00
4.436314283e-01 3.091362710e+00 3.304392224e-01 3.434802020e+01 6.197876991e+00
-8.903547380e-02 2.939307999e+00 7.045226294e-01 8.265331544e+00 3.686130802e+00
-9.698148088e-01 8.252556077e-01 5.087196472e-01 1.051055107e+01 5.324642106e+00
-1.324813062e+00 2.672913105e+00 6.063199773e-02 3.819092929e+01 3.331929134e+00
2.314579955e-01 8.669767954e-01 3.891763415e-01 2.535633264e+01 4.696442196e+00
5.304021915e-01 2.389991490e+00 2.500601875e-01 3.467147279e+01 4.947280206e+00
3.672314224e-01 2.572656768e+00 1.182055604e-01 2.870746781e+01 4.408815266e+00
-1.303524133e+00 2.078239175e+00 3.399785128e-01 2.459186407e+01 4.858026800e+00
1.000843993e+00 1.980756804e+00 1.475450332e-01 3.705410765e+01 6.126987963e+00
-1.460114366e+00 1.067452626e+00 5.291823859e-02 2.917814143e+01 3.521556271e+00
1.896184182e-01 1.448426011e+00 6.336026031e-01 8.866455522e-01 3.860386084e+00
-1.235678200e+00 1.243355072e+00 2.592516526e-01 3.885075774e+01 5.728733806e+00
1.567284391e+00 1.658046352e+00 4.817278267e-01 1.365829671e+01 5.544434326e+00
3.913446911e-01 1.001641743e+00 2.410993809e-01 1.571809906e+01 3.695801517e+00
-6.345930208e-01 1.768576985e+00 6.544731821e-02 6.313717484e+00 5.142705697e+00
1.174986236e+00 8.961784781e-01 7.934321771e-01 3.193697321e+01 3.602080199e+00
5.642954801e-01 8.347823343e-01 5.558108155e-01 1.691290094e+01 3.787554956e+00
-7.670535928e-01 3.120838727e+00 5.999267963e-01 3.665268528e+01 5.600146937e+00
1.205087283e+00 1.414119197e+00 2.010549612e-01 1.314629817e+01 4.474556876e+00
1.500198430e+00 1.085719912e+00 4.637582551e-01 7.407462724e+00 4.626094291e+00
1.146817050e-01 1.788550058e+00 4.913690298e-01 3.629911426e+01 3.550203901e+00
3.939623633e-01 1.249733795e+00 5.819016246e-01 1.375803942e+01 5.208754538e+00
-2.084589655e-01 3.013321362e+00 5.313412636e-01 2.702902910e+01 4.740401319e+00
-1.288278584e+00 1.568470150e+00 3.182599879e-01 3.865404297e+01 5.234097722e+00
1.159536350e+00 2.392197797e+00 4.377535547e-01 1.829028222e+01 3.310463875e+00
-1.126678608e+00 1.566888825e+00 5.750336340e-01 1.610577889e+01 3.257797838e+00
5.140652637e-01 2.004125725e+00 3.498449904e-01 5.010439102e+00 4.369179788e+00
-1.392988639e-01 9.242821511e-01 7.837533305e-01 3.685282974e+01 4.255996915e+00
-7.441070809e-01 8.562880208e-01 3.088132725e-01 3.642783393e+01 5.236206358e+00
7.433547301e-01 2.297824070e+00 4.534816764e-01 1.215399364e+01 4.580015380e+00
1.031884945e+00 1.821997529e+00 3.002779676e-01 2.580375137e+01 5.172683153e+00
9.994986237e-01 3.119655879e+00 1.056185458e-01 1.041770602e+01 3.856413405e+00
-9.469425637e-01 1.257531150e+00 2.327464919e-01 3.891220633e+01 5.687736677e+00
1.810283280e-01 2.863122256e+00 3.235877023e-01 3.106794260e+01 3.250581114e+00
-1.046034128e+00 9.908862840e-01 6.294657207e-01 1.204091420e+01 3.440481039e+00
7.836227991e-01 2.536305004e+00 7.480570378e-01 3.524439022e+01 5.779137052e+00
-7.302633050e-01 1.681759672e+00 4.584450002e-01 1.603067412e+01 4.023953807e+00
1.175153386e+00 2.482533098e+00 5.578627402e-01 1.934831209e+00 6.253168881e+00
-1.546578306e+00 1.319917282e+00 7.738936623e-01 5.473608716e+00 4.096659304e+00
-1.173773243e+00 1.352686638e+00 2.274597398e-01 4.779930387e+00 4.593940653e+00
-1.250685831e+00 2.934281541e+00 4.124766369e-01 1.086924060e+01 4.292624335e+00
-7.589966061e-01 1.144799257e+00 4.913678125e-01 2.976441738e+01 4.779805860e+00
2.613360092e-01 2.805356981e+00 3.829480027e-01 1.046147131e+01 5.309519499e+00
1.059060799e+00 2.347502432e+00 5.683638420e-01 1.222597030e+01 3.662933342e+00
4.319929629e-01 1.969100573e+00 4.894178251e-01 2.313997597e+01 4.517988222e+00
5.983269506e-01 3.084791538e+00 5.623878427e-01 3.002852175e+01 5.978922818e+00
-1.231600605e+00 2.296902791e+00 1.803803664e-01 2.085976686e+01 3.877374249e+00
-9.117000465e-01 8.323720855e-01 5.749148624e-01 3.906990940e+01 5.261949314e+00
9.885711193e-01 2.239504350e+00 7.446853536e-01 1.176427231e+00 5.304921167e+00
5.988386818e-01 3.029339200e+00 2.321518500e-02 1.843879048e+01 3.732400121e+00
1.394111070e+00 2.328334535e+00 5.643728265e-02 1.695126975e+01 5.449663489e+00
-1.071781064e+00 1.714556452e+00 5.982617341e-01 1.607340094e+01 5.439463338e+00
-1.154700602e+00 1.169760188e+00 7.770146945e-02 1.630571110e+01 4.617002290e+00
-7.465854396e-01 1.231740046e+00 1.052243847e-01 7.881923454e+00 5.942350583e+00
9.234476320e-01 1.157052309e+00 2.400811232e-01 3.447884986e+01 5.100120610e+00
2.504894705e-02 2.574612441e+00 2.702922899e-01 3.510301054e+01 4.669313976e+00
3.648964709e-01 2.710097326e+00 3.888500008e-01 1.325184471e+01 3.611913680e+00
-1.022833146e+00 2.803408891e+00 7.633215252e-01 3.234063429e+01 5.277151183e+00
3.311265812e-01 8.818330875e-01 6.497262642e-01 1.754713856e+01 3.813240443e+00
1.750399937e-01 1.068527747e+00 5.364852921e-01 2.527148819e+01 6.117344368e+00
5.500220144e-01 1.639148251e+00 7.248334172e-01 2.845660407e+01 4.148393151e+00
-1.832999073e-01 2.466107764e+00 2.491066270e-01 3.069444010e+01 5.455343503e+00
4.449730087e-01 1.736277439e+00 4.635780448e-01 1.274003051e+01 4.732673424e+00
-2.367320923e-01 1.688311967e+00 2.933053226e-01 1.013191158e+01 5.027029633e+00
1.851007971e-01 1.413528779e+00 2.056212225e-01 2.708145601e+01 5.997509546e+00
-7.824003089e-01 2.445235011e+00 3.708815879e-01 2.903995729e+01 4.902439834e+00
-1.434929557e+00 1.259944637e+00 1.119942123e-01 1.182108531e+01 6.185631067e+00
-1.002725195e+00 2.422491476e+00 7.319598401e-01 1.451439893e+01 5.825586161e+00
-9.582964680e-01 2.765054798e+00 5.573894572e-01 2.922710005e+01 3.272085525e+00
-1.335856141e+00 2.187530256e+00 3.561336819e-02 7.575107927e+00 5.087610558e+00
1.297916253e+00 2.493554931e+00 2.381882779e-01 3.837770572e+01 6.229427127e+00
-1.127972952e+00 2.744700292e+00 3.214226166e-01 2.311018041e+01 3.542464950e+00
1.189278882e+00 3.039678816e+00 7.162737219e-01 2.254940227e+01 4.279532104e+00
1.399921869e+00 2.838442203e+00 6.983935989e-01 2.525478578e+01 3.472073960e+00
1.213433211e+00 1.377370505e+00 6.644060231e-01 1.903254181e+01 4.963821627e+00
1.540659864e+00 2.319426790e+00 8.636599440e-02 1.457873365e+01 3.150770851e+00
1.145020967e+00 8.528207990e-01 6.355562443e-01 2.988794745e+01 5.868727247e+00
6.479811624e-01 1.786292314e+00 9.294812075e-02 3.082422432e+01 3.632008882e+00
9.924418742e-01 2.850154621e+00 1.360047820e-01 8.678678297e+00 3.152347475e+00
-4.107830451e-01 1.947663263e+00 7.434976125e-01 6.754103178e+00 5.763908041e+00
-6.294161464e-01 2.189196972e+00 7.799019056e-01 3.125046518e+01 5.145522864e+00
1.139868443e+00 1.570990415e+00 2.425094314e-01 2.749925836e+01 4.791842411e+00
2.961890170e-01 2.083259883e+00 5.188680598e-01 3.253080585e+01 3.212664504e+00
-1.347925015e+00 2.782794384e+00 5.612469534e-01 3.657196773e+01 6.071576067e+00
1.126135857e-02 2.800675624e+00 3.350496551e-01 7.555959877e+00 5.440359469e+00
-1.141959458e-01 1.253224703e+00 6.552918228e-02 1.889451388e+01 3.155400639e+00
1.507956361e+00 2.242320203e+00 6.092541981e-01 1.561964495e+01 3.690039283e+00
1.868838034e-01 1.423364408e+00 8.252851774e-02 1.378249688e+01 5.747599031e+00
1.293168372e+00 3.074318204e+00 5.301787501e-01 3.792446673e+01 3.946871694e+00
-1.408679003e+00 9.630816647e-01 4.815520377e-01 2.848662980e+01 3.430594737e+00
-6.728888430e-01 2.079638295e+00 4.994985357e-01 2.841407538e+01 5.053594643e+00
4.498362615e-01 2.762216388e+00 1.545934646e-02 1.181814610e+01 5.678694849e+00
3.394316739e-01 2.450835715e+00 5.345007352e-01 1.552091031e+01 3.556642806e+00
5.600203914e-01 1.787680650e+00 1.934090824e-02 3.888745847e+00 3.793046228e+00
-1.080912513e+00 2.246844026e+00 3.706493085e-01 3.363443471e+01 3.192597543e+00
-5.070254412e-01 2.240294548e+00 3.136094467e-01 1.386167528e+01 5.665667710e+00
8.623857992e-01 2.941428747e+00 7.378703244e-01 9.652476319e+00 3.845850532e+00
-1.356701311e+00 1.504913173e+00 5.160750618e-01 3.820656236e+01 5.007140081e+00
-7.914538406e-01 1.241712887e+00 4.846221085e-01 2.823702319e+01 6.109274958e+00
-1.754240390e-02 9.153742707e-01 4.316833236e-01 6.092657419e+00 5.313643652e+00
-1.180288137e+00 1.108674276e+00 5.589739157e-01 2.861767248e+01 4.282722749e+00
-1.141838233e+00 2.720184193e+00 6.136191267e-01 4.992569625e+00 5.673470380e+00
3.801688679e-01 3.029765566e+00 1.331831974e-02 4.227309927e+00 5.414487398e+00
2.470742450e-02 2.157399671e+00 5.130609817e-01 2.759720922e+01 6.242040037e+00
-6.176916651e-01 2.226318300e+00 3.204813139e-01 8.315142904e+00 4.516435726e+00
6.494970585e-01 2.386195767e+00 1.779801528e-01 3.520334452e+01 5.618454883e+00
-2.566763837e-01 1.045083671e+00 3.742300546e-01 2.640980428e+01 5.628486867e+00
-1.131985659e+00 1.743789101e+00 7.070391839e-01 3.374060950e+01 5.596077896e+00
3.966112437e-02 1.156266440e+00 1.342994928e-01 3.576465307e+01 4.549249718e+00
-1.223994104e+00 8.744733360e-01 2.108636518e-02 2.013237264e+01 4.351240712e+00
1.545455218e+00 2.525952459e+00 7.031054971e-01 1.634456179e+01 5.120561454e+00
4.175953038e-01 1.284898325e+00 6.797125995e-02 3.869964304e+01 3.160426177e+00
-1.073458482e+00 1.090930389e+00 5.081443489e-01 8.589441158e+00 5.771699273e+00
2.394524992e-01 1.463381259e+00 1.673475158e-01 3.191489703e+00 4.571971887e+00
-4.326266208e-01 1.659750971e+00 5.779841777e-01 2.097436915e+01 4.808144856e+00
7.830954328e-01 2.329803655e+00 3.091557466e-01 3.870181898e+01 4.852218520e+00
1.286061833e+00 2.134093715e+00 2.546319952e-01 5.804941164e+00 4.559600391e+00
2.076299532e-01 2.509702420e+00 4.332577883e-01 2.444691292e+01 3.319198069e+00
-2.862826092e-01 2.350106069e+00 3.809419963e-01 1.099085651e+01 4.896572866e+00
-1.162307172e+00 1.984203914e+00 6.405940099e-01 2.410507629e+01 3.552236204e+00
-7.004124978e-01 2.612739310e+00 5.492826416e-01 1.149111200e+01 4.319151527e+00
1.944746328e-02 2.161237162e+00 4.015445519e-01 1.292352886e+00 5.617684252e+00
-6.667431083e-01 2.270755387e+00 4.328908571e-01 2.747047798e+01 5.876720365e+00
-7.259995456e-01 1.984533123e+00 2.968029061e-01 5.378535263e+00 3.746711885e+00
-3.277245597e-01 2.770360753e+00 1.566290968e-01 3.862491391e+01 6.132461878e+00
-9.338206479e-01 1.455776080e+00 1.719060621e-01 2.827720244e+00 5.276287275e+00
-3.620492355e-01 8.483391471e-01 4.432357204e-01 1.027231889e+01 4.236655781e+00
5.721079843e-01 1.372120540e+00 4.056978750e-01 2.022146559e+01 3.260958100e+00
7.763592924e-01 2.283167995e+00 5.668885243e-02 4.404274377e+00 3.542644048e+00
-1.481735297e+00 1.070738746e+00 4.091573972e-01 1.734892710e+01 3.961896561e+00
8.914980629e-01 9.348520413e-01 5.662207562e-02 3.707968759e+01 3.534285421e+00
9.557339984e-01 3.098711383e+00 6.792048148e-01 4.846115313e+00 5.454766013e+00
3.431160914e-01 1.337587887e+00 3.474953813e-02 3.236179365e+00 3.205900193e+00
-3.294853983e-01 1.041838453e+00 5.125799968e-01 5.850828366e+00 3.461038437e+00
1.194270068e+00 1.139685994e+00 6.393401828e-02 1.602708508e+01 4.560470921e+00
-1.202743823e+00 8.623957153e-01 5.102432506e-02 1.812020293e+01 5.994110130e+00
9.152024917e-01 1.593535006e+00 3.497138841e-01 2.858983615e+01 4.182095951e+00
8.023690737e-01 3.037246289e+00 7.400439960e-01 1.885919152e+01 4.525561812e+00
1.051676680e+00 1.596589824e+00 2.458322393e-02 5.556226286e+00 5.511548712e+00
7.755201260e-01 1.165979708e+00 4.162785602e-01 2.232742676e+01 3.915865456e+00
-1.218669696e+00 1.951161728e+00 5.329977452e-01 6.940088233e+00 5.133209033e+00
-1.491531454e+00 1.539194813e+00 7.244642820e-02 3.806884977e+01 4.473144758e+00
7.631896306e-01 2.625421433e+00 7.006337019e-01 3.768447509e+01 6.098030249e+00
6.140352279e-01 1.812302369e+00 6.675844115e-02 6.402189200e+00 4.048505759e+00
1.164870424e-01 1.852191597e+00 2.552561412e-01 2.837572810e+01 5.525606533e+00
-1.169923914e+00 2.233785257e+00 2.804897449e-01 2.656473955e+01 5.972583006e+00
-9.718086811e-01 2.963983192e+00 4.129558449e-02 3.342206393e+01 4.320229619e+00
6.367618705e-02 2.745626170e+00 3.393650003e-03 2.266527637e+00 3.822475913e+00
6.090484921e-01 1.159203521e+00 3.213321236e-01 3.739423182e+01 5.249019614e+00
1.466721305e+00 2.698180670e+00 1.108578100e-01 2.587240200e+01 4.646565944e+00
3.798293891e-01 8.843350554e-01 3.909272599e-02 1.047765498e+01 3.435436238e+00
1.197206047e+00 2.621247843e+00 2.312837334e-01 1.509564424e+01 5.086802689e+00
1.001058114e+00 2.785444613e+00 6.774998690e-01 3.814984388e+01 4.984661705e+00
-1.344096393e+00 2.454631494e+00 7.401659068e-01 3.614468454e+01 4.961288334e+00
7.823544227e-01 1.494145790e+00 1.444420355e-02 8.043609807e+00 5.407046778e+00
1.309333632e+00 3.106564896e+00 4.223986262e-01 1.851632950e+01 3.222991444e+00
1.217910809e+00 2.078582833e+00 2.901675314e-01 3.559797452e+01 3.770281634e+00
5.091517839e-01 2.867276687e+00 4.793012489e-01 1.024415608e+01 3.703789870e+00
1.765287578e-01 1.470197937e+00 4.899316422e-01 7.138607858e+00 3.754632656e+00
8.394428512e-02 1.737700671e+00 3.165336601e-01 1.206711947e+01 3.536865638e+00
2.933785237e-01 2.080535642e+00 7.894020760e-01 3.549502694e+01 5.696165954e+00
-4.926600894e-01 3.035340724e+00 4.027267801e-02 3.914421235e+01 5.204999911e+00
6.365564569e-01 8.719535145e-01 4.008761764e-01 1.696768969e+01 3.369377787e+00
8.317701191e-01 2.735283766e+00 6.382514010e-01 2.408387941e+01 3.325445450e+00
-7.212820058e-01 2.911350037e+00 6.678016436e-01 1.656546172e+00 5.628112062e+00
-5.933583943e-01 1.881119437e+00 6.577864876e-01 3.058334151e+01 6.142551992e+00
-5.614991808e-01 2.464356383e+00 5.591605338e-01 2.166925332e+01 5.373283113e+00
6.626489441e-01 2.879960412e+00 3.841973024e-01 3.941567506e+00 3.418609902e+00
4.160994830e-01 1.892320323e+00 8.215693744e-02 9.710055499e+00 4.041363975e+00
1.282428275e-01 1.325225362e+00 2.638031497e-02 2.619307094e+01 6.046127011e+00
9.753749540e-01 1.136789830e+00 3.013805191e-01 3.782133702e+01 3.718296888e+00
-1.425173611e+00 1.059107156e+00 6.027252196e-01 1.831842578e+01 4.882972756e+00
-5.887030096e-01 8.563269672e-01 4.535582893e-01 3.374024708e+01 5.555463081e+00
1.535236701e+00 2.072863593e+00 6.968596181e-02 3.808263195e+01 3.671159845e+00
-1.113376095e+00 1.361746717e+00 2.470748584e-01 6.237332236e+00 4.623272137e+00
1.255428799e+00 9.682151577e-01 3.516479922e-01 1.673463642e+01 3.594005613e+00
6.472174841e-01 2.298148871e+00 4.224515665e-01 1.457795817e+01 4.122133261e+00
-3.200743857e-01 2.304511711e+00 2.815812133e-01 9.091254962e+00 5.651046152e+00
-1.148776988e-01 2.270527122e+00 2.083152286e-01 1.672682035e+01 3.705468734e+00
2.089161770e-01 1.845490232e+00 2.489960134e-01 3.727703248e+01 3.432044967e+00
9.852749469e-01 3.079265571e+00 6.508864155e-01 4.946256765e+00 3.659068051e+00
-2.878637613e-01 1.860675162e+00 5.011312202e-01 3.170630320e+01 5.710534528e+00
-1.337340946e+00 2.388503132e+00 4.849550872e-01 2.381736194e+01 5.995395988e+00
1.231426999e+00 2.672215622e+00 7.342361939e-01 3.509485330e+01 4.941207927e+00
-1.423950609e+00 3.083783133e+00 1.220058232e-01 1.503785561e+01 5.423922560e+00
8.572848920e-01 2.362967285e+00 2.058718223e-01 3.533105049e+01 5.065469215e+00
1.093938543e+00 2.090882214e+00 6.785793864e-01 3.335909828e+01 5.558484715e+00
7.903931000e-01 2.541727204e+00 3.804834060e-01 2.992832957e+01 3.154127971e+00
-6.811056189e-01 9.383878785e-01 5.425097713e-01 3.151127935e+01 5.696149610e+00
-1.549722672e+00 8.445605671e-01 7.817711567e-01 2.634190446e+01 5.732125960e+00
8.684778121e-02 2.211243148e+00 3.296027311e-01 3.777195895e+01 5.224842065e+00
-2.902522577e-01 2.534436354e+00 8.617223533e-02 2.559129284e+01 4.017784623e+00
-4.043502333e-01 2.710370302e+00 1.239527242e-01 1.451652047e+01 5.181976761e+00
-1.456136641e+00 2.761188823e+00 7.294719494e-01 1.180319595e+01 3.965607195e+00
-3.795314553e-02 1.767507256e+00 6.132445714e-02 2.925256807e+00 5.964222322e+00
1.410406583e+00 1.319681483e+00 5.641281985e-01 3.667994398e+00 4.285232627e+00
3.839301972e-01 3.075376875e+00 3.507761261e-02 1.707902306e+01 5.942051222e+00
-2.804311953e-01 1.141328113e+00 4.524978649e-01 3.753970707e+01 4.125903582e+00
-1.083327481e+00 3.085270266e+00 4.650736873e-01 2.653741463e+01 6.203702087e+00
6.042809623e-01 2.052284247e+00 6.527899209e-01 3.290651822e+01 3.884091885e+00
2.422297757e-01 1.475296647e+00 1.622918313e-01 2.288047078e+01 6.012742422e+00
1.312961561e+00 2.761052644e+00 7.421059222e-03 3.730056971e+01 5.768676746e+00
-5.157364740e-01 2.094394787e+00 4.962394921e-01 2.880280888e+01 4.094464059e+00
-2.771792326e-01 2.751229441e+00 2.329445296e-01 2.788550995e+01 4.200419109e+00
-1.021325289e+00 1.701358682e+00 6.702677022e-02 2.478836927e+01 5.312081074e+00
2.014123091e-01 2.640527203e+00 2.035629659e-01 2.965195403e+01 4.582673809e+00
1.564577050e+00 1.911188291e+00 5.724711000e-01 2.529928134e+01 4.892944486e+00
-9.389973113e-01 3.081686032e+00 1.916196141e-01 6.608677535e+00 3.908213679e+00
-1.149829969e+00 2.226226344e+00 2.366013499e-01 1.817387083e+01 4.898106911e+00
-1.128834053e+00 2.474235145e+00 6.426869967e-01 3.041846477e+01 5.059754274e+00
-5.475619123e-01 2.869191637e+00 5.537379724e-01 2.303106178e+01 3.331063424e+00
1.277013032e+00 1.565553464e+00 2.063888225e-01 1.579276756e+01 3.316156461e+00
-5.306511653e-01 2.289052557e+00 4.763481478e-01 3.107656635e+01 4.824640198e+00
-1.267666150e-01 1.054477165e+00 1.449148656e-01 2.321899657e+01 3.467714066e+00
1.395801356e+00 2.215733278e+00 3.255580342e-01 2.820160450e+01 4.921654699e+00
-3.715301503e-01 1.958218345e+00 1.518390931e-01 3.792695357e+01 6.121951995e+00
-2.474224349e-01 2.326995842e+00 5.230624285e-01 2.122267864e+01 4.659336796e+00
1.397402623e+00 2.512280183e+00 8.602262283e-02 1.780206764e+01 3.294355851e+00
-6.922968352e-01 3.022107578e+00 6.347993248e-01 2.981230886e+01 4.368619907e+00
-9.793682978e-01 2.167954592e+00 8.844125171e-02 8.545611302e+00 3.508742134e+00
7.183483166e-01 2.466662234e+00 5.633078395e-01 1.750813341e+01 4.904116541e+00
-2.731352313e-01 9.447318191e-01 2.033845891e-01 4.411904764e+00 5.547291529e+00
2.457642256e-01 1.970798261e+00 6.322251233e-01 1.442276471e+01 6.060787362e+00
1.438439420e+00 1.790716546e+00 7.051802937e-01 2.562740106e+01 5.423711597e+00
8.190268062e-01 2.175011231e+00 3.874664850e-02 1.948950669e+01 4.739204569e+00
-1.428900454e-01 1.776828115e+00 7.955866684e-01 1.428068927e+00 6.073242491e+00
-1.123025257e+00 1.775366570e+00 1.648571818e-01 3.457785367e+01 3.657467415e+00
1.081798748e+00 1.541389342e+00 7.320720853e-01 1.599609960e+01 4.665892339e+00
2.914677995e-01 9.426363337e-01 2.282854392e-01 1.305978319e+00 3.539152628e+00
-1.297513888e+00 1.306698413e+00 5.098003622e-01 1.282817130e+01 3.378974170e+00
1.474174324e+00 2.737958017e+00 6.821106501e-01 4.138460646e+00 6.133151614e+00
-3.541676992e-01 2.575115562e+00 2.475176995e-03 1.317377256e+01 3.500194343e+00
-1.457730877e+00 2.642191473e+00 3.189368199e-01 2.675194474e+01 5.673633082e+00
1.396033806e+00 2.576598097e+00 3.906410859e-01 3.237116715e+01 3.476580992e+00
3.571831879e-01 1.917945679e+00 1.668697924e-01 1.920613918e+01 3.627049502e+00
-1.437919961e-01 1.651450627e+00 9.885060038e-02 2.171548199e+01 4.687553502e+00
-1.316222601e-01 2.640476810e+00 2.922443481e-01 2.639728496e+01 4.781099605e+00
1.425922676e+00 2.550322964e+00 4.756216864e-01 1.529606155e+01 3.386052181e+00
-6.276668751e-01 1.243951514e+00 1.089130532e-01 2.261056766e+00 5.651091176e+00
-4.523810116e-01 1.065960583e+00 5.842846115e-01 1.274849906e+01 4.214851548e+00
-1.096141701e+00 3.071550155e+00 4.200913132e-03 1.306368536e+01 5.193427190e+00
-8.364098163e-01 2.104818502e+00 2.460706635e-01 4.463626809e+00 6.045181055e+00
-1.423868284e+00 2.019421011e+00 7.540804612e-01 1.788338097e+01 4.815263661e+00
-4.756202562e-01 1.883536452e+00 7.709063089e-01 2.289770537e+01 5.742975845e+00
8.970381386e-01 1.402713854e+00 7.825819253e-01 3.141284878e+01 5.884040215e+00
-1.168068322e-01 2.166336344e+00 2.316664992e-01 1.560962203e+00 4.456546913e+00
2.186617519e-02 3.134364991e+00 4.805779860e-01 1.937283025e+01 3.935242761e+00
5.366498074e-01 2.549280589e+00 6.282557681e-01 2.618056251e+01 4.879097850e+00
-1.780392436e-01 2.001287571e+00 5.623581943e-01 8.796527281e+00 5.384163887e+00
-9.316966293e-01 1.671298359e+00 8.082646009e-02 3.503227785e+01 6.124707571e+00
1.227378650e+00 1.575641001e+00 3.321801287e-01 6.773696256e+00 3.444240029e+00
4.265349762e-01 1.872760256e+00 1.378189301e-01 6.885435551e+00 3.341147263e+00
