# init omega gamma A f
1.111605836e+00 1.325125488e+00 3.917109425e-01 7.364110714e-01 2.169898690e+00
1.993082719e-01 1.537514524e+00 3.329670606e-03 5.983179621e-01 1.614864445e+00
9.390102779e-01 1.025139717e+00 6.434079926e-02 9.371131336e-01 2.818388502e+00
1.224163538e+00 9.994474801e-01 1.286830008e-02 2.423370321e-01 2.905428332e+00
1.245028553e+00 9.404544587e-01 1.287704917e-01 3.544398389e-01 1.621574320e+00
2.761418766e-02 8.132532378e-01 3.409421851e-02 8.929736410e-01 3.048931924e+00
1.440173424e+00 1.065449366e+00 3.273372026e-01 4.753979445e-01 2.878806433e+00
8.867474223e-01 1.305289086e+00 3.337322479e-01 2.531227543e-01 1.734862098e+00
8.802568406e-01 9.190567616e-01 2.388106542e-01 3.489183722e-01 1.794601719e+00
7.867246148e-01 1.092156452e+00 3.204278384e-03 6.849208813e-01 3.081847933e+00
7.404781418e-01 1.464240448e+00 3.184985028e-02 9.963196513e-01 2.590614475e+00
1.021159394e+00 1.154510538e+00 4.457996927e-02 1.848311494e-01 2.897450978e+00
1.228285984e+00 8.615333583e-01 8.380544669e-02 5.551556242e-01 2.753896281e+00
8.265986207e-01 1.555364652e+00 2.515494208e-01 8.422356225e-01 2.834909698e+00
8.315562091e-01 1.486660037e+00 3.600304252e-01 1.798620328e-01 2.648517405e+00
7.173900440e-01 9.037666461e-01 2.421462339e-01 2.902202974e-01 2.887280362e+00
1.371712631e+00 1.510477166e+00 3.875299198e-02 1.316398708e-01 1.899464975e+00
6.086945448e-01 1.101471911e+00 2.179035409e-01 2.646510682e-01 2.718856018e+00
2.148519216e-01 1.496971791e+00 2.528313509e-01 4.093150154e-01 2.951652690e+00
7.560888587e-01 1.069371433e+00 2.404314181e-01 1.803738719e-01 2.519706378e+00
1.331208803e+00 8.118980907e-01 2.721923128e-01 9.149063003e-01 1.602944612e+00
1.966883867e-01 1.384899290e+00 3.431737200e-01 8.317632386e-01 2.892794911e+00
1.087834169e+00 1.198604041e+00 2.849496768e-01 9.623316743e-01 2.628346724e+00
1.304390244e+00 1.492998827e+00 1.769461787e-01 6.356764395e-01 2.940550449e+00
5.191288823e-01 8.870570006e-01 6.457521792e-03 5.473431050e-01 2.517571344e+00
1.141080624e-02 1.342350478e+00 1.501360225e-01 9.542614088e-01 1.800816204e+00
3.334324023e-02 8.971788920e-01 1.749744526e-01 2.620160018e-01 2.717237623e+00
4.177164279e-01 1.465738592e+00 2.042716302e-01 6.680968452e-01 2.807884460e+00
4.419776345e-01 1.211223129e+00 1.832239382e-01 9.353312437e-01 2.846557475e+00
1.063857049e+00 9.497230228e-01 2.295591235e-01 8.229221299e-01 1.709520100e+00
1.525406452e-01 1.276637392e+00 3.996118566e-01 9.537445071e-01 3.070141022e+00
9.839246128e-02 9.995470329e-01 1.753437767e-01 5.174213582e-01 2.647980134e+00
1.270509170e+00 1.474791955e+00 3.993080313e-02 7.509411937e-01 1.573473005e+00
1.722670418e-01 1.008132707e+00 4.132946206e-02 5.790875099e-01 2.894420170e+00
3.011835744e-01 8.203800325e-01 2.327840003e-01 3.462152564e-01 1.779898732e+00
7.454406188e-01 8.930595407e-01 2.255796069e-01 5.005912614e-01 2.956410626e+00
1.449953488e+00 1.568351012e+00 3.070886745e-01 4.091010382e-01 2.218168460e+00
1.209277589e+00 8.134459935e-01 1.830820041e-01 7.417887411e-01 2.019085782e+00
8.527498472e-01 9.546619113e-01 2.572452998e-01 5.179933911e-01 3.038273285e+00
5.866171927e-01 1.479342239e+00 3.366859333e-01 3.325844592e-01 1.732377845e+00
5.700291948e-01 9.693465412e-01 1.807372588e-01 4.191284623e-01 1.827313948e+00
2.462888789e-01 9.763472169e-01 1.321836751e-01 4.277668218e-01 1.821603355e+00
1.399502966e+00 1.387295395e+00 3.800733233e-01 3.347954979e-01 1.809848214e+00
3.943338770e-01 8.244775585e-01 6.581924541e-02 6.356119404e-01 2.711993732e+00
8.673059919e-01 9.941223432e-01 3.631675632e-01 7.647189311e-01 1.925922675e+00
7.747331021e-01 1.080714694e+00 9.658546166e-02 2.478900199e-01 1.993216632e+00
2.374959337e-01 9.192033052e-01 4.018054909e-02 5.023427164e-01 2.618885750e+00
5.725276711e-01 1.225789884e+00 1.288816828e-01 1.460937442e-01 2.947256906e+00
4.358067998e-03 8.956625629e-01 7.106870535e-02 4.778572801e-01 2.379495586e+00
1.326331333e+00 1.364122574e+00 9.903399752e-02 3.974862928e-01 2.132332949e+00
9.717117780e-04 1.083321195e+00 3.060689351e-01 5.451304441e-01 1.607212802e+00
1.258821621e+00 1.324476141e+00 3.383463093e-01 5.161589802e-01 3.083153766e+00
6.580988850e-01 1.000257373e+00 1.749577629e-01 9.941028007e-01 2.088210580e+00
2.028542840e-01 1.502888982e+00 6.733471676e-02 3.386665182e-01 2.361403272e+00
1.315246102e+00 8.256728374e-01 6.782710262e-02 4.914304832e-01 1.633968126e+00
1.496065962e+00 8.214301160e-01 2.977710271e-01 3.910939315e-01 2.893444077e+00
3.434648416e-01 1.047068269e+00 2.985656202e-01 9.895495734e-01 2.282873642e+00
1.326787773e+00 1.250184622e+00 2.608234898e-01 3.005554011e-01 2.841760037e+00
1.287168899e+00 1.012137432e+00 1.364402194e-01 3.041734968e-01 1.738093410e+00
1.558324747e+00 7.980527076e-01 1.461328135e-01 3.558858528e-01 2.227171549e+00
1.014355653e+00 1.238332267e+00 3.487285350e-01 8.799529265e-01 2.592168945e+00
1.207356599e+00 8.121026628e-01 2.406897740e-01 4.016642195e-01 1.902009551e+00
4.778732521e-01 1.390730847e+00 1.420073367e-01 6.405662412e-01 1.795938382e+00
1.345622911e+00 9.744844257e-01 6.815707667e-02 3.439275163e-01 1.692325502e+00
3.774043230e-01 1.544298595e+00 2.009732251e-01 9.562470906e-01 3.063442746e+00
9.211082929e-01 9.235875516e-01 9.029820012e-02 8.214583775e-01 3.080913368e+00
2.279821312e-01 1.397983901e+00 2.151514316e-01 1.522109279e-01 2.301538529e+00
8.891863597e-01 8.058759965e-01 4.595496028e-02 6.695539545e-01 1.993927713e+00
1.391348733e+00 1.162756141e+00 2.927206717e-01 1.777504632e-01 2.667866214e+00
8.510992521e-01 1.276541564e+00 3.751583477e-01 3.846520703e-01 1.844517538e+00
3.289419920e-01 8.128625887e-01 3.604858135e-01 5.869691526e-01 1.738413716e+00
1.509548591e+00 1.104078371e+00 3.402817450e-01 6.222642295e-01 2.598318863e+00
8.791460347e-02 1.349365421e+00 1.316203039e-01 7.092505029e-01 3.138017184e+00
6.019179766e-02 1.111473346e+00 3.096983023e-01 7.862509248e-01 1.808116892e+00
4.438006225e-01 1.079803235e+00 3.662235790e-01 6.713265920e-01 3.049267200e+00
1.425759701e+00 1.322053802e+00 7.044793112e-02 8.086584313e-01 2.166024169e+00
1.910765747e-01 1.403351431e+00 9.897079217e-02 8.750971871e-01 2.320961511e+00
1.201601227e+00 1.535408046e+00 3.777015975e-01 7.995376903e-01 2.029225288e+00
1.220673257e+00 1.279812246e+00 3.875933803e-01 6.990185207e-01 2.424015679e+00
7.495956234e-01 1.520784720e+00 1.261597142e-01 2.591174560e-01 2.359233054e+00
1.237098933e+00 9.040737041e-01 2.357213995e-01 5.348450999e-01 1.992156898e+00
1.529695468e+00 1.138117617e+00 3.278392144e-01 7.907841136e-01 2.930148433e+00
6.268922505e-01 1.042329990e+00 2.418422056e-01 1.214199098e-01 1.653364361e+00
8.036762395e-01 1.207874275e+00 2.577682028e-01 5.099012815e-01 1.905380687e+00
3.870094525e-01 7.891098281e-01 1.991148212e-01 7.143870850e-01 2.681922668e+00
5.262375832e-01 9.069441920e-01 7.773633324e-02 5.947424485e-01 2.051021781e+00
8.325420386e-01 1.530408691e+00 3.841826100e-01 5.393937527e-01 2.532788243e+00
9.416690462e-01 1.056067679e+00 3.356930120e-01 4.268686576e-01 3.097269698e+00
1.451265846e+00 9.560896122e-01 1.755261285e-01 2.108277877e-01 3.051712448e+00
9.980802492e-01 7.860177197e-01 5.117788635e-02 9.087597050e-01 2.386223777e+00
4.960036896e-01 1.202485829e+00 1.237676975e-02 7.687959687e-01 1.814775585e+00
7.907956812e-02 1.538949910e+00 3.649913996e-01 7.910539556e-01 2.715310773e+00
4.615942799e-01 1.387942222e+00 1.528110621e-02 4.802498560e-01 2.498286221e+00
5.579830866e-02 1.101731814e+00 1.009401083e-01 8.843169225e-01 3.096323777e+00
3.201087647e-01 1.259096342e+00 2.714089562e-01 4.195078684e-01 2.954150983e+00
8.170343673e-01 1.124167911e+00 8.321279580e-02 6.000373144e-01 2.498753744e+00
1.227685814e+00 8.532167015e-01 1.857103245e-01 1.597965950e-01 1.692207403e+00
2.330095668e-01 8.039268644e-01 1.876986394e-01 7.320718304e-01 2.607479038e+00
4.182443618e-01 1.033724404e+00 2.644635642e-01 9.734612551e-01 2.229717140e+00
3.670253770e-01 8.469782961e-01 1.053700268e-03 8.363231224e-01 1.773111662e+00
2.579676889e-01 8.920327911e-01 2.263225794e-01 2.091117210e-01 2.938218784e+00
1.089663605e+00 1.159585771e+00 3.149517071e-01 7.473612693e-01 2.752604107e+00
8.534500762e-01 1.167956265e+00 7.434919868e-02 4.713322275e-01 2.471890790e+00
9.114795650e-01 1.183333555e+00 1.824919856e-01 7.475987187e-01 1.983583743e+00
1.404988091e+00 1.219404005e+00 2.652331360e-01 6.682864915e-01 1.919689062e+00
4.534022787e-01 1.073185576e+00 2.050332480e-02 3.322052175e-01 2.427201833e+00
4.752849387e-01 1.566830985e+00 1.304138091e-01 5.250989640e-01 2.083606059e+00
5.703319821e-02 8.967841323e-01 2.161519968e-01 6.551871591e-01 1.664655712e+00
4.935111550e-01 1.319145348e+00 1.022006538e-01 8.497218660e-01 1.906749941e+00
6.617667312e-01 1.249826617e+00 9.370677594e-02 6.542696985e-01 2.529160013e+00
1.537615389e-01 1.188958700e+00 8.586901298e-02 3.172358506e-01 2.712439152e+00
1.434429471e+00 1.493462841e+00 5.488035121e-02 4.151423035e-01 2.902381970e+00
2.284916245e-01 1.522541796e+00 3.639729839e-01 4.225381433e-01 2.188936463e+00
4.878461103e-02 1.412036806e+00 1.613022479e-01 7.288148132e-01 1.892822163e+00
1.595124056e-01 1.392044005e+00 1.819421980e-01 9.073398338e-01 2.289155350e+00
1.278638498e+00 1.156130012e+00 8.334185068e-02 9.242515377e-01 1.626690525e+00
9.462081634e-01 9.133538581e-01 1.174834236e-01 5.384150265e-01 1.608598182e+00
6.512256403e-01 1.363156403e+00 1.929524165e-02 7.894270089e-01 3.004396328e+00
1.331518574e+00 1.455225700e+00 1.295364949e-01 3.823571173e-01 2.128824131e+00
1.139108034e+00 1.448701103e+00 5.745284812e-02 6.991245406e-01 1.764506125e+00
3.251554245e-01 1.396411595e+00 2.670664207e-01 4.954019461e-01 2.018662292e+00
1.804354543e-01 1.309010822e+00 1.765517862e-01 2.764285926e-01 2.042993078e+00
1.440868428e+00 1.421471117e+00 2.336403906e-01 7.118573027e-01 2.000936321e+00
1.256030194e+00 1.101020577e+00 3.575568493e-01 7.371418578e-01 1.738596729e+00
9.738316151e-01 1.027254677e+00 2.861206840e-01 7.495760346e-01 2.033584175e+00
5.832267368e-01 1.131447962e+00 3.062551263e-01 5.336785591e-01 2.294082314e+00
1.247056594e+00 8.708650458e-01 1.946394783e-01 2.806181047e-01 1.926024038e+00
1.562236428e+00 8.850284586e-01 3.778784261e-01 3.323961817e-01 2.806466043e+00
4.064364563e-01 1.124709456e+00 7.725336890e-02 2.204776837e-01 3.118974266e+00
7.138782303e-01 1.477348879e+00 3.908151211e-01 6.675438888e-01 2.671071297e+00
2.695719619e-01 1.248561513e+00 7.541857936e-03 6.521659558e-01 2.847361441e+00
1.727969996e-01 1.037277530e+00 2.584614749e-01 4.808563054e-01 2.000552267e+00
1.323290438e+00 1.206505443e+00 2.764743546e-02 7.744758958e-01 2.904868417e+00
1.258339588e-01 1.274362502e+00 7.543571370e-02 4.221565266e-01 1.654348672e+00
5.650896491e-01 1.329519929e+00 2.451813244e-01 3.677587725e-01 2.676683510e+00
1.427291404e-01 9.009872529e-01 7.750815851e-02 8.001466777e-01 2.329222393e+00
4.953684442e-01 1.418473602e+00 3.650135775e-01 2.159294898e-01 2.607921167e+00
7.500394614e-01 1.210619490e+00 1.874279494e-01 5.482666270e-01 2.887659887e+00
2.567022688e-01 1.162868330e+00 1.372466619e-02 3.830115411e-01 2.337830870e+00
9.226716687e-01 1.107413705e+00 2.038340384e-01 3.559920521e-01 1.614523840e+00
1.465451447e+00 1.231497640e+00 2.149100905e-01 5.141454890e-01 1.809943831e+00
1.080868197e+00 1.125636803e+00 3.874961924e-01 4.828604996e-01 2.817121995e+00
1.546085556e-01 1.513232431e+00 1.586632115e-01 2.711100091e-01 2.419796878e+00
1.560872756e+00 8.240612759e-01 3.347851537e-01 5.506565523e-01 2.409318100e+00
9.197701506e-01 1.147946039e+00 1.570289795e-01 8.214981084e-01 1.598938422e+00
9.465229185e-01 1.393889640e+00 2.291305470e-01 7.171237250e-01 2.190866647e+00
1.695271242e-01 9.451362755e-01 2.778135465e-01 4.158708190e-01 2.177892395e+00
1.071739074e+00 8.411778466e-01 9.033764716e-02 7.603472392e-01 3.077581187e+00
4.276667821e-01 8.159999718e-01 8.262383542e-02 9.553158079e-01 1.645820647e+00
6.206495504e-01 1.460916509e+00 1.858720247e-01 4.122082430e-01 2.166885012e+00
2.093306158e-01 1.127126795e+00 3.294745029e-02 3.627319316e-01 1.946637042e+00
1.038623695e+00 1.220503002e+00 1.159698817e-01 8.692881060e-01 2.279923476e+00
6.740396173e-01 9.677157094e-01 5.046775378e-02 4.118131821e-01 2.516360868e+00
3.772018460e-01 1.527216153e+00 3.583120287e-01 7.724274681e-01 2.320029155e+00
1.724436893e-01 9.234237919e-01 1.746194221e-02 5.786188945e-01 1.730375729e+00
2.642529310e-01 1.370820923e+00 1.313786743e-01 4.277361413e-01 1.641546127e+00
1.249336344e-01 1.251169276e+00 3.509975225e-01 4.603768499e-01 3.007848872e+00
8.014975813e-01 9.543921534e-01 3.878194258e-01 8.747050746e-01 2.310183327e+00
2.111845203e-01 9.480922990e-01 3.097549061e-02 1.129772438e-01 2.708929340e+00
1.037084255e+00 1.121338495e+00 2.542563325e-01 5.949880426e-01 2.553909777e+00
6.484251973e-02 1.394832000e+00 3.857359047e-02 2.085442039e-01 2.293885265e+00
3.350855565e-01 1.217929697e+00 1.382708948e-01 7.384295737e-01 1.881049370e+00
8.272416342e-02 9.271594093e-01 3.070140122e-01 1.560778988e-01 1.902150424e+00
1.281431812e+00 8.353446331e-01 1.301398724e-01 8.723280979e-01 2.792945505e+00
9.621426314e-01 1.317887855e+00 1.096435031e-01 1.365324331e-01 2.187037729e+00
1.186985830e-01 1.421984926e+00 2.122701933e-01 7.922158032e-01 2.364921609e+00
8.432174480e-01 1.111337627e+00 8.320528902e-03 5.826783174e-01 2.997376469e+00
8.102431188e-01 1.237828735e+00 3.468737105e-01 1.060075061e-01 2.968845979e+00
2.523959614e-02 9.594417196e-01 2.338110735e-01 8.015764373e-01 2.038136092e+00
7.066404241e-01 9.834711414e-01 1.034093037e-01 3.588155873e-01 1.919777255e+00
8.468126860e-01 9.649114026e-01 3.258876509e-01 4.694078967e-01 2.461126365e+00
1.326685387e+00 1.490358392e+00 9.706878726e-02 3.659515023e-01 2.455278056e+00
9.226413450e-01 1.256796525e+00 1.507023908e-01 1.884892096e-01 2.487866072e+00
9.463147298e-01 9.104629136e-01 3.973755662e-01 2.363899955e-01 2.743383694e+00
1.309537448e+00 1.354750998e+00 3.543981135e-04 4.605520186e-01 2.558639063e+00
1.138203303e+00 8.714983620e-01 1.672680861e-01 5.283265750e-01 2.442494189e+00
2.966433657e-01 9.218426883e-01 8.111119122e-02 5.227540100e-01 2.617949231e+00
1.730223361e-01 1.478417093e+00 3.983573568e-01 3.513143037e-01 2.455389884e+00
4.124516744e-01 9.864365928e-01 1.749502772e-01 3.514202816e-01 2.988756918e+00
1.141456814e+00 9.502521492e-01 2.418430264e-01 8.054560032e-01 2.356704855e+00
2.658779520e-01 8.549671115e-01 2.499468281e-01 1.045008054e-01 1.871953379e+00
7.224533837e-01 1.278561081e+00 1.024139083e-01 6.963593594e-01 1.766002141e+00
4.772597392e-01 1.282374349e+00 3.881412063e-01 6.203781398e-01 2.036591977e+00
3.321269522e-03 1.499686436e+00 2.816051534e-01 5.762549779e-01 2.261840740e+00
1.111074673e+00 8.185232721e-01 1.512376085e-01 9.916727377e-01 2.234031683e+00
8.319172581e-01 1.242749294e+00 1.277633132e-01 8.413526819e-01 2.606679543e+00
8.179787939e-01 1.165195293e+00 1.170898266e-01 8.934968906e-01 2.419033802e+00
3.230862270e-01 1.318424486e+00 3.407030360e-01 5.669333835e-01 2.854904920e+00
5.801184887e-01 1.053105974e+00 3.676785214e-01 1.227528404e-01 1.836575695e+00
1.063693099e+00 1.362275496e+00 2.293747539e-01 3.789772413e-01 1.905237141e+00
1.183271040e+00 8.503374904e-01 2.456710988e-01 1.366853597e-01 1.961750200e+00
6.730331194e-01 9.072681327e-01 3.591175605e-01 2.623936508e-01 2.610821104e+00
4.711979703e-01 1.152714354e+00 1.327440147e-01 5.564033160e-01 2.358208734e+00
4.782622916e-01 9.456613122e-01 2.136148601e-02 2.874153784e-01 2.453175000e+00
1.056025435e+00 1.181149633e+00 2.232362883e-01 6.752396158e-01 2.027819751e+00
1.116253371e+00 7.961644155e-01 2.516095470e-01 5.334197759e-01 2.385911527e+00
6.204682564e-01 1.406657137e+00 2.302857738e-01 1.585243872e-01 1.963260608e+00
6.114869309e-01 1.451429110e+00 1.168363897e-01 1.850729211e-01 2.512615912e+00
1.379832420e+00 1.046030274e+00 8.796116707e-02 3.841023573e-01 2.092794112e+00
3.010268394e-01 1.491149750e+00 1.842594539e-01 3.297269593e-01 2.741121258e+00
1.274777918e+00 1.324582433e+00 9.024286242e-02 3.648903265e-01 2.305238294e+00
5.685469733e-01 1.481347234e+00 3.169257057e-01 8.143313780e-01 2.542289539e+00
9.454753775e-01 9.056066276e-01 3.713356042e-01 5.015273578e-01 2.602284362e+00
4.965852569e-01 1.417269288e+00 1.271080971e-01 8.922223463e-01 3.057823315e+00
6.533017010e-01 1.142374989e+00 6.125049895e-02 5.819491711e-01 1.636992651e+00
7.068769498e-01 1.178741174e+00 2.460372906e-01 6.383552152e-01 3.021354510e+00
1.511340753e+00 1.237814220e+00 1.367437431e-02 7.808564350e-01 2.223085758e+00
1.018154116e+00 1.379951848e+00 1.160635453e-01 4.218420605e-01 2.529038772e+00
1.043510428e+00 1.422218772e+00 3.877116579e-01 2.158135138e-01 1.675469455e+00
9.534197647e-02 8.721578868e-01 2.953195707e-01 7.225213617e-01 2.755936683e+00
1.063961664e+00 9.474933807e-01 1.079761143e-01 7.892897638e-01 2.725001172e+00
1.437434295e+00 9.117092016e-01 2.795638290e-01 2.177056141e-01 2.875956085e+00
1.548099421e+00 1.482995794e+00 3.549936803e-02 2.993160859e-01 2.155213889e+00
1.197046197e+00 1.003087167e+00 1.734634858e-01 6.626824523e-01 2.963917011e+00
1.203247311e+00 1.279036346e+00 2.025597919e-01 9.558483602e-01 2.162046485e+00
8.958214573e-02 1.180345948e+00 2.876173154e-01 4.910483845e-01 1.916738702e+00
4.347998636e-01 1.257135855e+00 3.164195544e-01 8.064588235e-01 2.040821505e+00
1.131766683e+00 1.224092642e+00 5.629277370e-02 6.051741310e-01 2.113282956e+00
1.517393348e+00 1.525097333e+00 2.672863175e-01 8.741852088e-01 2.873763684e+00
1.108644454e+00 1.248585364e+00 7.697630701e-02 3.043371132e-01 2.912022327e+00
8.133961200e-01 1.256350506e+00 1.926008669e-01 9.821933509e-01 2.014937309e+00
5.719317611e-02 1.447847861e+00 2.339693765e-01 4.194250411e-01 2.988514705e+00
2.323537194e-02 9.183624431e-01 2.060297911e-02 2.163917850e-01 2.547375694e+00
3.609863471e-01 1.457254908e+00 2.165752111e-01 7.746415911e-01 1.652505767e+00
7.179875889e-01 1.044641950e+00 1.321555961e-01 2.990524924e-01 1.967609327e+00
9.593700371e-01 1.498356353e+00 1.512438607e-01 6.949266951e-01 2.591698739e+00
6.270404802e-01 1.549413251e+00 1.368176076e-01 9.237319458e-01 1.968919315e+00
1.262249830e+00 1.162205742e+00 2.471923686e-01 7.527502340e-01 2.796175867e+00
1.224236990e+00 8.938760260e-01 1.580927031e-01 9.113971534e-01 2.450626296e+00
9.935272776e-01 1.359510090e+00 1.339088663e-01 9.795975521e-01 1.982386539e+00
7.863394809e-01 1.351521744e+00 2.464134535e-01 5.431464024e-01 2.992822420e+00
8.451607345e-01 1.006118036e+00 1.400561355e-01 7.552354135e-01 1.914479983e+00
1.427403675e+00 1.192349502e+00 1.956821319e-01 8.695127793e-01 2.234351267e+00
1.382307691e+00 1.252824233e+00 3.513995105e-01 3.776132416e-01 2.625012350e+00
1.559823843e+00 1.312950655e+00 2.096414601e-01 9.899285068e-01 2.143506388e+00
4.026996161e-01 1.253960619e+00 2.780646690e-01 2.180555711e-01 1.985743223e+00
1.317827137e+00 1.133268435e+00 3.189766712e-01 8.145294668e-01 2.517325048e+00
8.435692436e-01 1.149494268e+00 3.338082352e-01 9.072150722e-01 2.257187054e+00
2.361304733e-02 1.081706074e+00 3.298751182e-01 5.978962802e-01 2.815659583e+00
1.534753181e+00 1.467779791e+00 1.845929788e-01 4.079318361e-01 2.003956556e+00
7.294620114e-01 1.439311936e+00 2.029412781e-01 9.531471514e-01 2.812088445e+00
1.152344337e+00 1.297813905e+00 4.103111302e-03 4.766508431e-01 2.994957286e+00
8.015403873e-01 1.008198120e+00 2.429837955e-01 2.490136056e-01 2.998233287e+00
8.323764024e-01 9.580390587e-01 3.368245797e-01 4.785141071e-01 2.905266899e+00
1.224714978e+00 1.145610117e+00 3.362724236e-01 7.457704655e-01 2.904702839e+00
1.192126256e+00 9.131561338e-01 1.677163514e-01 7.666660320e-01 2.055653998e+00
1.073248477e+00 1.265828543e+00 9.404826291e-02 7.245234417e-01 2.369195274e+00
7.621670985e-01 9.697792474e-01 3.608987038e-01 3.197227986e-01 2.201345184e+00
1.183842031e+00 1.068274513e+00 1.752543435e-01 2.223360805e-01 2.392532444e+00
2.043725226e-01 1.178128002e+00 3.371505747e-01 8.663169268e-01 3.028829246e+00
1.785269642e-01 1.295589401e+00 1.196051298e-02 3.844274139e-01 2.656158622e+00
4.816232010e-01 1.137337791e+00 2.525110075e-01 7.383732960e-01 1.784372838e+00
1.060885041e+00 1.039698643e+00 2.189168717e-02 5.264964958e-01 2.959459273e+00
2.549673786e-01 1.325200453e+00 2.885191210e-01 2.618069263e-01 1.925201785e+00
1.560390735e+00 7.992620572e-01 2.809989487e-01 2.541163849e-01 2.693170602e+00
1.414945102e-01 1.050174356e+00 2.982633965e-01 8.315975267e-01 2.006316161e+00
1.494869332e+00 1.560719266e+00 3.539489602e-01 3.210814217e-01 2.544362802e+00
7.910331506e-01 1.106138704e+00 3.135780730e-01 4.037324909e-01 2.928980168e+00
2.322041360e-01 1.368877282e+00 2.157943223e-01 7.088855026e-01 2.150103677e+00
8.423472070e-01 1.264307046e+00 3.980277567e-01 5.345254969e-01 1.771823079e+00
7.405020400e-01 1.183879567e+00 2.805356399e-01 2.208703648e-01 2.540476069e+00
1.558962904e+00 1.341949522e+00 3.822314461e-01 8.519254161e-01 1.992545072e+00
7.244576586e-01 1.295607919e+00 3.398947254e-01 8.617017727e-01 1.987911277e+00
2.574761116e-01 1.196398523e+00 1.263397568e-01 1.203967313e-01 2.644372735e+00
1.245079621e+00 1.376072726e+00 3.957081291e-01 9.790179973e-01 2.679546831e+00
9.808799367e-01 1.429533118e+00 2.981019062e-01 8.148184974e-01 2.887551372e+00
1.526331694e+00 1.129620644e+00 8.120229574e-02 9.603733022e-01 2.309554647e+00
1.358832253e-01 1.345485892e+00 1.998739396e-02 1.820109153e-01 2.286312638e+00
2.931482353e-02 1.356377546e+00 3.757774890e-01 7.766379811e-01 3.081523103e+00
1.327196571e+00 9.742172884e-01 9.932817823e-02 7.107844283e-01 2.849237337e+00
9.571668293e-01 9.921980810e-01 7.610106360e-02 6.623774399e-01 2.863597466e+00
1.301907371e+00 9.202983780e-01 2.366182091e-01 2.655823895e-01 2.061713415e+00
1.771050633e-01 9.141950756e-01 3.023101172e-02 3.906803807e-01 2.312484719e+00
1.018604872e+00 1.304419144e+00 2.638016615e-01 2.009728241e-01 2.550690342e+00
2.155719388e-01 1.266357455e+00 3.972478898e-01 7.881303006e-01 2.589728429e+00
1.525888205e+00 1.046915448e+00 3.016825374e-01 7.832170546e-01 1.928518391e+00
1.538484237e+00 8.415789793e-01 3.079734729e-02 4.140893070e-01 1.984952650e+00
1.364427681e+00 1.235204336e+00 3.993403165e-02 8.355282767e-01 2.436899507e+00
2.716931376e-01 8.309158327e-01 3.067139034e-01 4.256995374e-01 2.939883210e+00
1.079984659e+00 1.567546386e+00 3.628113964e-01 8.204500421e-01 1.803830252e+00
7.526972400e-01 1.483176577e+00 1.558245078e-01 7.340225277e-01 2.098317291e+00
1.018258807e-01 9.627862295e-01 2.425848783e-01 5.798882953e-01 1.865429121e+00
5.257097071e-01 1.059820426e+00 9.934693454e-02 1.032867008e-01 2.956894859e+00
1.533378623e+00 9.295979368e-01 2.860557987e-01 1.352677497e-01 2.357747756e+00
9.361771534e-01 1.356929338e+00 1.251749780e-01 9.775033332e-01 2.433368982e+00
3.803445973e-01 1.154090880e+00 7.833497892e-02 5.902833542e-01 2.225810943e+00
1.177011425e+00 1.153604808e+00 2.410062692e-01 6.970616440e-01 3.140010553e+00
8.728326410e-01 8.894665460e-01 1.839330953e-01 2.066449104e-01 2.595712760e+00
1.154745757e+00 9.064746472e-01 1.734081324e-01 9.485510652e-01 2.176329717e+00
8.323401127e-01 1.166809257e+00 1.746413325e-02 4.759727581e-01 2.085959581e+00
5.804842454e-01 1.427334634e+00 2.244571690e-01 7.915993491e-01 1.884355442e+00
1.221737433e+00 1.145563850e+00 2.491956890e-01 1.258400637e-01 1.921377630e+00
3.465929673e-01 1.507522964e+00 2.010118502e-01 3.883557068e-01 3.117753757e+00
1.468478097e+00 1.156117116e+00 1.230012312e-01 9.257254256e-01 2.062862662e+00
1.324737013e+00 1.493077122e+00 2.588663408e-01 1.050344046e-01 1.722568083e+00
7.744985979e-01 8.006248878e-01 1.969463630e-01 8.570247759e-01 2.291572374e+00
1.542769850e+00 1.454809567e+00 4.308222172e-02 9.510836386e-01 2.163191977e+00
3.309096917e-01 1.066862876e+00 2.109210330e-01 7.035190978e-01 1.888547110e+00
1.028344022e+00 1.549074819e+00 3.346560347e-01 5.540815068e-01 3.003623827e+00
1.099462567e+00 1.278094331e+00 1.175520858e-01 9.451045338e-01 2.080152040e+00
1.349127860e+00 1.530592777e+00 1.488149044e-01 2.720095473e-01 2.837056102e+00
1.188739863e+00 8.470916326e-01 3.114400941e-01 3.412578792e-01 1.633861646e+00
5.160675751e-01 1.491365269e+00 3.972633445e-01 5.689619807e-01 2.387433134e+00
1.354003232e+00 1.313308213e+00 1.848867677e-01 6.296837533e-01 1.604579544e+00
8.600980559e-01 9.941519814e-01 1.513229626e-01 9.192308453e-01 2.445106431e+00
6.267703042e-01 1.135725604e+00 2.631153478e-01 1.194396996e-01 1.820225916e+00
1.309787072e+00 1.190422455e+00 3.794470667e-01 3.870951568e-01 1.844671848e+00
1.404280145e+00 1.406842472e+00 6.142092218e-02 9.582567788e-01 2.619160537e+00
4.324678193e-02 1.239429998e+00 1.386439818e-01 9.354115779e-01 2.004702644e+00
1.296351923e+00 1.307210903e+00 2.518487248e-01 3.765469128e-01 2.928316809e+00
1.551671107e+00 1.370480539e+00 3.218655796e-01 7.074586752e-01 1.909819535e+00
4.187126731e-01 9.376318612e-01 1.484704336e-01 1.503924079e-01 1.757179567e+00
3.619052607e-01 1.472535175e+00 1.252126687e-01 2.889384086e-01 2.558460877e+00
1.329156692e+00 1.467749045e+00 1.807844981e-01 6.375587119e-01 1.927174810e+00
7.484753570e-01 8.478694112e-01 3.203570799e-01 9.907258532e-01 2.763876871e+00
1.211953930e+00 1.191052439e+00 2.942406777e-01 8.334480067e-01 1.838617299e+00
1.138832482e+00 1.251083147e+00 3.634389144e-01 4.379438659e-01 2.788798978e+00
1.040141368e+00 1.269366135e+00 6.776381809e-03 2.982388621e-01 2.432181001e+00
6.117381405e-02 9.472721641e-01 3.214660712e-01 4.487089210e-01 2.668493030e+00
1.103417911e+00 9.171026874e-01 2.974810989e-01 6.115629357e-01 2.915070759e+00
4.888496496e-01 1.015998258e+00 3.351052671e-01 8.921064192e-01 3.088535252e+00
9.006305687e-01 1.424654709e+00 1.211343717e-01 2.574914905e-01 2.196558652e+00
1.049773494e+00 1.569635166e+00 2.820190885e-01 4.602740626e-01 2.453011351e+00
5.083985932e-01 1.318248154e+00 1.007333927e-01 8.249949838e-01 2.426979003e+00
1.504949341e+00 1.353424606e+00 3.008149179e-01 6.542826648e-01 1.868525079e+00
9.910646969e-03 9.698022937e-01 2.614243699e-01 1.523315360e-01 3.084730237e+00
1.568546716e+00 1.034712499e+00 2.344691052e-01 2.993622486e-01 2.015719623e+00
5.505786928e-01 1.177306191e+00 1.165935266e-01 9.091607431e-01 1.892765003e+00
7.450220112e-01 1.079883139e+00 2.165525747e-01 1.691649795e-01 1.973588927e+00
1.389654443e+00 1.131354513e+00 1.565666580e-01 8.765186593e-01 1.676949447e+00
7.814002775e-01 1.300760128e+00 3.156105319e-01 3.092690833e-01 1.675245070e+00
5.459712762e-01 1.280453695e+00 3.201696584e-01 2.936948296e-01 2.294240948e+00
1.375247449e+00 9.288331848e-01 1.900833952e-01 9.168899682e-01 2.474553159e+00
8.817041730e-01 1.142921618e+00 3.296510826e-01 7.530853364e-01 2.468643169e+00
1.430113650e+00 1.464095168e+00 3.990829120e-01 9.484526371e-01 2.917059936e+00
9.184043536e-01 1.068589751e+00 1.817160328e-01 1.343946938e-01 1.860404047e+00
1.354779339e+00 1.298032003e+00 2.808129879e-02 8.223104606e-01 1.831235972e+00
1.527411990e+00 9.771084739e-01 1.556091739e-01 2.472303009e-01 3.016640502e+00
6.476731706e-01 1.112489258e+00 4.077385662e-02 8.766284383e-01 2.548208985e+00
1.457212587e+00 9.590530302e-01 5.283624882e-03 8.808843003e-01 2.911679019e+00
6.195365661e-01 1.235447365e+00 2.863847056e-01 7.416212568e-01 1.629071273e+00
2.709198534e-01 9.713925160e-01 2.235814519e-01 3.319675272e-01 2.653013531e+00
9.201685037e-01 1.366425745e+00 8.016646276e-02 6.814811133e-01 2.652719812e+00
3.788912430e-01 1.130788274e+00 3.943556631e-01 3.837781893e-01 3.118898327e+00
1.499251265e-01 1.061386376e+00 1.578830186e-01 3.184147377e-01 2.263135219e+00
1.134267899e+00 1.206020611e+00 1.853022673e-01 6.537326622e-01 2.175408801e+00
1.000876540e+00 9.282795073e-01 3.708664300e-01 4.248063626e-01 2.171365434e+00
1.207913973e+00 9.209719610e-01 1.042936068e-01 5.783936214e-01 2.641423599e+00
3.287959415e-01 1.135303816e+00 1.191923705e-02 1.652471492e-01 1.769221899e+00
1.369649005e+00 9.973075372e-01 3.003370042e-01 5.837334019e-01 1.715501039e+00
3.768992183e-02 1.244459754e+00 3.046402611e-02 2.442917827e-01 1.666671136e+00
1.750443019e-01 1.046172325e+00 2.190575565e-02 6.223000331e-01 3.128782795e+00
4.876308335e-01 1.136858906e+00 2.346889266e-01 8.240158269e-01 1.934107623e+00
3.066451746e-01 8.384285416e-01 2.123025791e-01 5.518748019e-01 2.069856426e+00
1.218614683e+00 9.443868865e-01 1.810090724e-01 9.006693104e-01 2.470043185e+00
1.071260963e+00 1.483293770e+00 3.594357465e-01 7.545269914e-01 1.633133443e+00
6.501843984e-02 8.470081022e-01 2.363118964e-01 3.792429065e-01 2.057467792e+00
6.343055617e-01 1.168252180e+00 2.596850080e-01 9.405264842e-01 2.879532713e+00
1.413137242e+00 1.160706580e+00 2.701066227e-01 1.098047618e-01 2.950146179e+00
8.346549283e-01 1.324249710e+00 3.855687748e-01 1.502955597e-01 2.559012918e+00
1.301897793e+00 1.166215435e+00 2.965458790e-01 8.939104174e-01 1.677164632e+00
5.260344775e-01 1.386232804e+00 3.276141335e-02 9.422239373e-01 1.876635308e+00
9.500878987e-01 1.522144974e+00 2.535991715e-01 4.783076985e-01 1.732341769e+00
4.348150177e-01 8.969603225e-01 3.108378639e-01 2.514127508e-01 2.357265179e+00
1.424102703e+00 1.189936938e+00 5.048356098e-02 6.148342741e-01 1.752585913e+00
9.381044508e-02 1.122542032e+00 1.360632171e-02 2.242114652e-01 2.321503369e+00
7.067311687e-01 1.090004457e+00 3.350409154e-01 1.972934066e-01 2.910757918e+00
1.030334839e+00 1.446108903e+00 2.435164592e-02 5.492350478e-01 2.187727368e+00
1.203384434e+00 9.395693997e-01 3.591272281e-02 9.894009843e-01 2.187538793e+00
3.742389474e-01 1.203273746e+00 1.309935119e-01 8.809826550e-01 3.120427465e+00
1.360209602e+00 9.548041269e-01 1.657125181e-01 3.627148150e-01 1.796068667e+00
1.238111952e+00 9.142191911e-01 5.214062511e-02 6.714536041e-01 1.777153031e+00
6.486270260e-01 1.305880815e+00 3.232273362e-01 6.323571850e-01 1.922894456e+00
6.746382817e-02 1.297772435e+00 2.293337345e-01 5.675201539e-01 2.029074445e+00
7.948823491e-01 8.382319426e-01 1.708688260e-01 8.721334573e-01 2.001480026e+00
3.390451723e-01 1.240635098e+00 2.046266597e-01 2.590239884e-01 2.513847897e+00
1.013930058e+00 1.220606965e+00 2.519697857e-02 6.035272129e-01 1.683466265e+00
1.026311221e+00 1.481384392e+00 2.088406582e-01 8.469390427e-01 2.306889369e+00
2.051243726e-01 1.096475523e+00 2.929509595e-01 5.385451904e-01 2.636223315e+00
1.470078155e+00 9.380002341e-01 3.845515011e-01 9.896876010e-01 3.029349892e+00
4.593722166e-01 1.420377124e+00 4.185747749e-02 3.825509858e-01 2.082745592e+00
1.069502693e+00 9.148203860e-01 3.928802482e-01 4.576964220e-01 2.013326574e+00
5.498752949e-01 8.465556208e-01 3.006582730e-01 9.042702684e-01 2.007255941e+00
1.182019677e+00 1.537390289e+00 3.466813439e-01 1.343729250e-01 2.808114891e+00
8.301900866e-01 1.530762987e+00 3.484975225e-01 1.140703064e-01 2.323638787e+00
1.487878105e-01 1.045006647e+00 3.074330943e-01 1.889321993e-01 2.620048740e+00
1.287571477e-01 1.039523612e+00 1.017313672e-01 2.612790669e-01 3.062705330e+00
3.205971007e-01 1.544224758e+00 2.124036607e-01 1.983255082e-01 2.545429590e+00
1.239191577e+00 9.796345558e-01 2.492587010e-01 3.226916593e-01 2.797507070e+00
1.128165079e+00 1.263822213e+00 1.557050979e-01 4.617603188e-01 2.968265556e+00
1.339948052e+00 1.284270504e+00 4.683688774e-02 7.713205365e-01 2.976263740e+00
6.499879537e-01 1.401526486e+00 3.836765250e-01 1.397803272e-01 2.689550039e+00
1.332739879e+00 1.218165940e+00 5.883255125e-02 1.782581621e-01 1.689967877e+00
5.655839394e-01 1.457419719e+00 8.636682342e-02 5.919515075e-01 2.230710936e+00
1.361492748e+00 1.543426172e+00 3.699359150e-01 8.969544024e-01 2.107839935e+00
3.631383471e-01 1.331461632e+00 5.165601720e-03 3.796531946e-01 2.376843460e+00
7.986790931e-01 1.134283230e+00 3.865389929e-01 9.696102638e-01 2.559954071e+00
6.056938025e-01 1.436495034e+00 2.041762395e-01 5.182984075e-01 1.924141544e+00
5.478690102e-01 1.080087901e+00 1.391048582e-02 8.919717323e-01 2.477358711e+00
2.478440293e-01 1.177342358e+00 9.092393284e-02 8.789388527e-01 2.061231563e+00
6.112253639e-01 8.381347793e-01 3.503955254e-01 6.523810639e-01 2.616553490e+00
7.133989282e-01 1.122339190e+00 1.606368428e-01 6.931367373e-01 1.586943856e+00
6.613645241e-01 1.158110841e+00 4.943442537e-02 9.661955071e-01 1.861927646e+00
9.634053516e-01 1.031005887e+00 4.939385082e-03 2.682172698e-01 2.120800073e+00
8.878924473e-01 1.280244085e+00 1.624453805e-01 5.032087806e-01 2.341399474e+00
1.158572614e+00 1.199430692e+00 3.490758466e-01 4.163881499e-01 1.819851528e+00
5.782135828e-01 1.190139811e+00 2.714592613e-01 2.956270541e-01 2.279318862e+00
6.086973290e-01 1.555476969e+00 2.480777742e-01 1.657121544e-01 1.823426471e+00
1.363010839e+00 8.375994029e-01 2.830635949e-02 4.427599813e-01 2.752602036e+00
1.039805724e+00 9.677573402e-01 2.077098033e-01 5.298002291e-01 2.506106623e+00
1.113588797e+00 1.257893757e+00 1.183763554e-01 3.089061736e-01 2.293936863e+00
1.116416695e+00 1.426055478e+00 7.800580665e-02 3.820701278e-01 2.615834293e+00
6.768394467e-01 8.614738529e-01 3.110824340e-01 7.275908764e-01 1.779383382e+00
1.350047855e+00 8.808710952e-01 1.112440404e-01 7.953540242e-01 1.729276406e+00
6.096291746e-02 1.317256938e+00 2.174702273e-01 4.368284223e-01 2.024131653e+00
1.383414948e-01 9.992614602e-01 9.036838169e-02 5.477540363e-01 1.588863449e+00
4.183450005e-01 8.261897199e-01 3.604621207e-01 3.126207772e-01 2.780749531e+00
3.623478263e-01 1.291857758e+00 1.777875122e-01 6.574554910e-01 1.904585295e+00
9.519521404e-01 9.949160844e-01 3.742111154e-01 3.869811612e-01 2.435583673e+00
9.442574681e-01 8.414242195e-01 1.244384480e-01 2.822092076e-01 2.435083957e+00
8.955118859e-01 1.077637918e+00 2.810034865e-01 5.976418316e-01 2.288700410e+00
1.080144791e+00 1.412418464e+00 1.915050125e-01 8.199802563e-01 2.417319242e+00
8.398437147e-01 1.545303858e+00 2.937974909e-01 5.768595335e-01 2.245302791e+00
6.175617882e-01 1.192576223e+00 3.784194442e-01 1.227729034e-01 1.741433947e+00
1.003393921e+00 9.015605354e-01 2.715199077e-01 7.891318623e-01 1.948787674e+00
1.011214063e+00 1.355472725e+00 1.972473784e-02 1.472504389e-01 2.996026506e+00
5.330818318e-01 1.190417411e+00 2.446281179e-01 6.466821221e-01 2.301977945e+00
8.813514513e-01 9.098431466e-01 3.267907238e-01 4.224037422e-01 1.836942434e+00
1.384873983e-02 1.327380272e+00 2.422343454e-01 7.829613713e-01 1.850540272e+00
2.437141057e-01 8.688997919e-01 8.648653708e-04 7.171620343e-01 1.908260030e+00
5.832517243e-01 1.542558915e+00 3.613693931e-01 1.496305135e-01 2.271200787e+00
1.522798195e+00 1.336190292e+00 2.382350988e-01 6.155020762e-01 2.317291551e+00
1.174795670e+00 1.093502711e+00 4.595031280e-03 7.646329902e-01 3.008077012e+00
1.462330979e+00 9.266582321e-01 3.673594482e-02 2.546783844e-01 2.718217203e+00
9.889036460e-01 1.285966381e+00 3.180062439e-01 7.906228378e-01 1.996943022e+00
8.239580800e-01 1.453789122e+00 2.929645291e-01 6.556285170e-01 2.412508925e+00
3.875324502e-01 1.396338212e+00 2.890709505e-01 6.564123568e-01 2.468245243e+00
9.637172282e-02 1.194814438e+00 2.876299855e-01 6.756140483e-01 1.612106720e+00
1.190003465e-01 1.423924677e+00 1.333681068e-01 6.881687286e-01 2.346869043e+00
1.918343135e-01 1.034071226e+00 2.832311842e-01 9.046100935e-01 2.939818048e+00
1.246563820e+00 1.372875680e+00 1.579454744e-01 2.656961584e-01 2.158996281e+00
1.167091264e+00 9.414971844e-01 4.588053512e-02 8.114825111e-01 1.612416862e+00
4.298594231e-01 1.087202039e+00 3.252817335e-01 8.887232297e-01 2.004876419e+00
7.611065088e-01 8.826574933e-01 3.378808217e-01 7.491775698e-01 2.490399615e+00
1.428280886e+00 1.279935982e+00 2.118311947e-01 6.984058780e-01 1.817464773e+00
1.396730951e+00 9.328503054e-01 1.074026736e-01 7.930202597e-01 2.426311953e+00
9.438400144e-01 9.873563277e-01 8.832887894e-02 5.058869440e-01 1.606751816e+00
6.607860375e-01 1.248426879e+00 2.772188206e-01 8.865908016e-01 2.785327772e+00
7.954996493e-02 1.066208500e+00 1.296358839e-01 2.106394657e-01 2.285643988e+00
7.722684528e-01 1.433378110e+00 3.149970205e-01 3.180302443e-01 2.677607395e+00
7.298459333e-01 9.992465223e-01 3.270069361e-01 7.173190462e-01 3.111855027e+00
8.956851992e-01 1.542814833e+00 3.596390164e-01 5.736025961e-01 3.090579023e+00
1.248078345e+00 1.379015106e+00 2.988987158e-01 2.531000832e-01 2.689960816e+00
1.219494808e+00 8.019428146e-01 1.198445548e-01 1.826588382e-01 2.741205327e+00
1.531240560e+00 1.323942937e+00 3.421471371e-01 4.001596732e-01 2.554981782e+00
3.969548339e-01 1.280999531e+00 2.215625668e-01 9.044577294e-01 1.602638176e+00
2.075352968e-01 1.232991427e+00 2.046087850e-01 9.613933842e-01 1.952795401e+00
1.118900470e+00 1.244861692e+00 2.947242566e-01 7.173088261e-01 3.043213557e+00
1.082634059e+00 1.270864842e+00 2.046564185e-01 3.921907757e-01 2.957268013e+00
3.183577280e-01 8.029544877e-01 1.351740686e-01 6.174953879e-01 2.021331604e+00
1.109609233e-01 1.467099404e+00 2.780298993e-01 2.921550493e-01 1.605769235e+00
7.364251376e-01 1.083702500e+00 3.343072991e-01 3.156261980e-01 2.612760071e+00
1.424838364e+00 8.191972032e-01 9.444837681e-02 5.613916097e-01 2.037870190e+00
3.287786688e-01 9.749320444e-01 3.078175307e-01 6.032385048e-01 2.718233966e+00
1.551799039e+00 9.070479733e-01 1.468404061e-01 1.485724739e-01 2.768796374e+00
1.569021844e+00 1.156322683e+00 1.750649194e-01 3.915974261e-01 3.049641240e+00
1.082990718e+00 1.364044579e+00 3.582007124e-01 8.113885949e-01 2.040013224e+00
1.547976072e+00 1.029056783e+00 9.556129778e-02 8.201896934e-01 2.120076964e+00
1.198827179e-01 1.516351357e+00 3.678330097e-01 8.461413477e-01 2.009068998e+00
1.471975964e+00 1.273243844e+00 3.305004207e-01 3.841828434e-01 2.152551874e+00
1.029794080e+00 8.857749747e-01 3.222856219e-01 8.579379207e-01 2.710904140e+00
3.461928678e-01 9.459459286e-01 1.874116289e-01 9.612274956e-01 2.474966662e+00
1.045554055e+00 1.216840708e+00 2.977287488e-02 5.845701960e-01 1.601023308e+00
8.996140748e-01 9.531806825e-01 5.173181916e-02 2.528289717e-01 2.348150521e+00
1.476138214e+00 1.102500435e+00 3.594011649e-01 9.255382215e-01 1.659473923e+00
3.504576416e-01 9.587111475e-01 2.842848508e-01 7.977851588e-01 1.984577526e+00
1.411902466e+00 9.671909982e-01 1.153609076e-01 5.978049993e-01 2.417824046e+00
2.739342480e-02 1.342414364e+00 2.928771190e-01 5.501500077e-01 2.066089132e+00
1.288771627e+00 9.981460342e-01 3.786413595e-01 9.249643262e-01 1.833115979e+00
1.286958371e+00 8.419412378e-01 1.242335543e-01 2.369728703e-01 1.921711871e+00
9.798768056e-01 1.452002069e+00 2.799313698e-01 9.473243033e-01 2.499720350e+00
6.383294249e-01 1.335384470e+00 3.358111331e-01 6.022049541e-01 2.344468668e+00
5.096683152e-01 1.210483423e+00 3.184565621e-02 9.454582650e-01 2.595974498e+00
7.739431387e-01 1.483570277e+00 8.698423915e-02 7.710249106e-01 1.941899639e+00
1.225468285e+00 1.102049291e+00 2.472421137e-01 2.744210511e-01 1.961196524e+00
1.327633848e+00 1.169156714e+00 8.847623025e-02 9.582973986e-01 1.599097290e+00
7.729988380e-02 1.202365717e+00 2.670924356e-01 5.408638593e-01 2.879741327e+00
1.525072255e+00 1.365411975e+00 3.264025759e-01 9.994116857e-01 2.284129168e+00
5.205232033e-01 1.201562149e+00 3.287436012e-01 5.188296660e-01 2.385300374e+00
1.570527891e+00 8.752878024e-01 3.063467854e-01 1.211356091e-01 2.775642510e+00
4.281410921e-01 1.538759622e+00 1.641679223e-01 5.926344874e-01 2.353233351e+00
1.137501790e+00 1.527980267e+00 3.496476663e-01 7.750820594e-01 2.482950935e+00
4.561090552e-01 7.860424186e-01 9.121132593e-02 6.804399426e-01 2.778513849e+00
4.292785401e-01 8.989726616e-01 3.468175685e-01 6.387102194e-01 2.892240588e+00
1.182692678e+00 7.859575670e-01 1.238282735e-01 8.824075228e-01 2.978352921e+00
3.861903466e-01 8.989013291e-01 5.973836949e-02 6.498519954e-01 2.850122395e+00
9.325086445e-01 9.459685339e-01 2.975909044e-01 8.085159211e-01 1.771454746e+00
4.449939514e-01 1.138568623e+00 1.948038488e-01 8.374292886e-01 2.459550624e+00
2.818610984e-01 1.201305871e+00 9.532658574e-02 7.381022714e-01 2.393491930e+00
1.489324112e+00 9.496569529e-01 2.693007866e-01 3.272974753e-01 2.446619432e+00
1.345378999e-01 9.988531115e-01 8.187393732e-02 2.574757286e-01 1.855505110e+00
7.922992000e-01 1.262276125e+00 1.123677412e-01 6.786869203e-01 1.890011864e+00
1.310648901e+00 1.078347469e+00 2.979251331e-01 3.917897543e-01 2.286675050e+00
7.444245844e-01 1.010423822e+00 3.124246210e-01 8.322392416e-01 1.646535101e+00
9.772807171e-01 1.062773620e+00 1.038582841e-01 6.273261800e-01 2.217358449e+00
1.266537132e+00 1.439117707e+00 3.807722921e-01 5.443383181e-01 1.875017000e+00
3.581262810e-01 1.092832889e+00 2.974927294e-01 6.139935025e-01 2.961643466e+00
2.396443401e-01 1.537339304e+00 1.607223135e-01 8.124985025e-01 1.732673063e+00
2.683605672e-01 9.202730338e-01 1.153923292e-01 1.117214057e-01 2.835029551e+00
4.185479840e-01 8.659709604e-01 2.967504872e-01 9.787142820e-01 1.846617634e+00
1.059401524e+00 1.325856448e+00 3.263034249e-01 2.910106761e-01 1.864302236e+00
1.317232555e+00 8.194164777e-01 1.117769564e-01 7.709765092e-01 2.926313149e+00
1.009939071e+00 8.534804488e-01 3.823468758e-01 5.994122200e-01 2.593885066e+00
8.542567677e-01 1.167694041e+00 3.089416955e-01 6.753205630e-01 1.744543935e+00
1.473609138e+00 1.349317899e+00 2.207547627e-01 7.851948603e-01 2.001992534e+00
4.501269354e-01 1.337111586e+00 1.352354956e-01 8.242134941e-01 2.590378548e+00
8.141315324e-01 7.997925081e-01 6.431810075e-02 3.026276212e-01 2.508542830e+00
1.931831740e-01 1.267718562e+00 2.793318045e-01 9.068489764e-01 2.664118552e+00
5.791920495e-01 1.323847143e+00 2.988907458e-01 8.989023192e-01 1.845542199e+00
6.208773932e-01 1.483926304e+00 3.416703579e-01 6.265700393e-01 1.972208693e+00
1.335080986e+00 1.013654038e+00 3.991495435e-01 3.218594795e-01 1.611556688e+00
1.502238259e+00 1.408259421e+00 3.786647362e-01 3.031118013e-01 1.742835945e+00
3.079630773e-01 9.192439088e-01 5.111769500e-02 8.715928836e-01 2.350821796e+00
1.201376940e+00 1.281925838e+00 1.302772525e-02 8.260088002e-01 2.638058802e+00
1.569985831e+00 1.310497080e+00 2.167270357e-01 7.441163937e-01 2.519479841e+00
9.153163793e-01 1.465497754e+00 2.535244874e-02 1.777629012e-01 2.107415058e+00
5.716141216e-04 1.343462239e+00 4.780097695e-02 8.384566811e-01 1.742849610e+00
3.584681014e-01 1.145477734e+00 1.684576749e-01 4.519067240e-01 1.819764807e+00
1.533616372e+00 1.519221092e+00 3.367461439e-01 2.871619273e-01 2.775849598e+00
1.378388506e+00 1.287871502e+00 2.733742340e-01 2.432841242e-01 2.578215005e+00
1.338995131e+00 9.217407863e-01 2.029100491e-01 2.256442834e-01 1.903005352e+00
5.300734551e-01 8.411414224e-01 2.780763943e-01 3.921866926e-01 1.615782993e+00
8.337230473e-01 1.217558261e+00 3.745534532e-01 8.271660780e-01 2.690373685e+00
6.503249202e-01 1.316307798e+00 3.959882955e-01 3.314054558e-01 2.647446549e+00
9.720801368e-01 1.459358827e+00 3.295909051e-01 9.145627055e-01 3.095089324e+00
1.531445994e+00 1.222815799e+00 3.357833127e-01 3.197321056e-01 3.046962628e+00
1.933449801e-01 8.401840659e-01 3.757490717e-01 9.201946633e-01 2.651527703e+00
9.896950134e-01 1.416328445e+00 1.689112724e-01 1.326597479e-01 2.141490175e+00
7.000181310e-01 1.263918172e+00 2.695137403e-01 7.261409254e-01 2.533015818e+00
1.437232409e-01 1.331952107e+00 2.353471083e-01 1.800722411e-01 2.760147502e+00
8.678249955e-01 1.417529530e+00 3.840584687e-02 1.975539665e-01 2.044231150e+00
5.870966572e-01 1.192682826e+00 2.328297114e-01 7.693243687e-01 2.428235463e+00
1.344953329e+00 9.735287654e-01 3.972119323e-02 6.400697882e-01 2.482875544e+00
1.021432167e+00 1.332754500e+00 3.749363665e-01 4.363535656e-01 2.204743786e+00
8.054956257e-01 1.035821254e+00 1.632034062e-01 9.579533950e-01 2.846285885e+00
1.070046761e+00 8.834985402e-01 1.819405342e-01 7.517280777e-01 1.980233717e+00
1.338106131e-01 1.569702836e+00 1.838757020e-01 3.145792880e-01 1.611450230e+00
1.130969635e+00 1.173541599e+00 4.210457148e-02 8.320898781e-01 2.530689442e+00
1.454576795e+00 1.461021702e+00 3.309583222e-01 1.287464953e-01 2.784827247e+00
1.131721993e+00 1.383777577e+00 3.350902708e-02 1.071531382e-01 1.780538520e+00
3.739246678e-01 9.407883388e-01 9.888185732e-02 8.027125102e-01 2.828935823e+00
2.626351252e-01 9.092504764e-01 1.132910236e-01 5.575696825e-01 2.123837465e+00
3.803969308e-02 1.231448806e+00 1.354995577e-02 8.547467280e-01 1.719802296e+00
1.275189335e+00 1.130587761e+00 9.691280746e-02 5.559710930e-01 1.726566117e+00
7.992090101e-01 1.221308714e+00 2.507863658e-01 8.632887622e-01 2.681792149e+00
7.670233447e-01 8.725458469e-01 3.101998421e-01 5.547941975e-01 2.523119001e+00
1.265064306e+00 9.025874002e-01 2.031378998e-01 2.934110883e-01 2.488531391e+00
2.423144226e-01 1.179371324e+00 2.964993436e-01 2.750417809e-01 2.407124984e+00
4.820259727e-01 8.570474114e-01 3.762638266e-02 2.764292274e-01 1.708365978e+00
3.750040045e-01 1.271580979e+00 1.277666151e-01 6.836462983e-01 2.623108440e+00
3.938553789e-01 1.195417993e+00 3.910498044e-03 6.146419030e-01 1.977051581e+00
3.363675038e-01 8.986115759e-01 1.907288297e-01 3.862419716e-01 1.701150940e+00
1.356668517e+00 1.304212426e+00 2.785202840e-01 2.306315575e-01 1.956476043e+00
1.451689201e+00 1.531406441e+00 1.419223027e-01 5.813714492e-01 2.077763016e+00
1.562591298e+00 1.208487326e+00 2.982981054e-03 9.917420189e-01 1.783887282e+00
6.595314301e-01 1.349321985e+00 1.308349097e-01 9.629014193e-01 3.117452809e+00
9.975483869e-01 1.058779866e+00 1.011067650e-01 3.518095155e-01 2.772406819e+00
6.907009023e-01 1.049016395e+00 3.366117980e-01 7.424687139e-01 2.234816234e+00
5.446904756e-02 1.485835618e+00 2.343874237e-01 6.010881342e-01 2.966674386e+00
1.515589621e+00 1.181550032e+00 3.720712763e-01 2.008808827e-01 2.715805114e+00
1.065595200e-01 1.048227172e+00 3.773163416e-01 2.031274640e-01 1.737932476e+00
1.242931227e-01 1.509746110e+00 3.388369248e-01 8.239658785e-01 2.591872288e+00
4.174074327e-01 1.249339936e+00 2.980534170e-01 7.860970565e-01 2.120788901e+00
5.575106113e-01 8.449740228e-01 1.528506858e-01 2.145633579e-01 2.756709986e+00
6.296017662e-02 1.037829893e+00 9.273527510e-02 2.156389197e-01 2.813763734e+00
8.346933657e-02 1.182633034e+00 5.120576983e-02 2.262329373e-01 2.432369948e+00
7.311475407e-01 1.324509652e+00 1.785183927e-02 3.222701269e-01 2.025979013e+00
2.529864039e-01 9.878544095e-01 3.632445101e-01 8.096404081e-01 2.215261500e+00
9.914245440e-01 1.184253977e+00 2.821035535e-01 6.317945278e-01 2.976488598e+00
4.751411604e-01 1.406479364e+00 1.343786063e-01 3.987716147e-01 2.482038398e+00
1.299252755e+00 1.346874105e+00 5.415162119e-03 4.172489471e-01 1.837508982e+00
7.648854465e-01 1.275513078e+00 1.532456090e-01 1.434070902e-01 3.098292313e+00
5.275695052e-01 1.243897405e+00 9.897418726e-02 4.425392386e-01 2.911180457e+00
1.176580383e+00 1.101886860e+00 1.468446794e-01 2.758202886e-01 2.820836876e+00
9.557115908e-01 1.209436002e+00 2.139159698e-02 4.906871391e-01 2.633391653e+00
1.442064989e+00 1.458395025e+00 2.137593054e-01 1.444962634e-01 2.200953478e+00
1.177510235e+00 1.362013365e+00 3.740937840e-01 3.422279709e-01 2.802778636e+00
1.447674719e+00 9.637469681e-01 1.273707613e-01 3.212251714e-01 2.744381643e+00
1.411289826e+00 1.533442222e+00 3.171997909e-01 7.427967127e-01 1.805318427e+00
5.629244171e-01 1.358087530e+00 2.403548005e-01 4.413469821e-01 2.759995226e+00
3.657886730e-03 1.029819808e+00 2.063035497e-01 3.037321616e-01 2.833092863e+00
2.181184714e-01 8.729743561e-01 2.375122495e-01 4.122662063e-01 2.256258524e+00
3.720761678e-01 1.282885568e+00 3.944377437e-01 5.846937413e-01 1.751128632e+00
1.560355322e+00 1.274518769e+00 3.388234441e-02 7.400294550e-01 1.772654086e+00
9.351728390e-01 1.491512368e+00 3.916430297e-01 5.065908306e-01 2.130076411e+00
1.064365699e+00 1.376836594e+00 3.357101748e-01 7.752785965e-01 1.710408736e+00
9.850796337e-01 1.454128120e+00 2.613814141e-01 2.242131765e-01 2.093985454e+00
3.926467914e-01 1.415261992e+00 2.057170427e-01 6.676228097e-01 2.831834470e+00
9.831857749e-01 1.109943454e+00 3.232453757e-01 6.920851783e-01 3.087652433e+00
1.332604052e+00 1.278765795e+00 9.233356661e-02 5.293442143e-01 1.773026950e+00
6.469516900e-01 1.061504502e+00 1.213180684e-01 2.151232944e-01 2.783779451e+00
2.722048334e-01 1.315148737e+00 1.953395347e-01 4.929658169e-01 1.582186594e+00
2.686397921e-01 1.406777508e+00 1.562917027e-01 1.857465796e-01 2.737212270e+00
2.978807732e-01 1.024863212e+00 2.221006369e-01 5.204511045e-01 1.756955122e+00
1.297239875e+00 1.344300563e+00 1.573832322e-02 8.133010396e-01 2.221924708e+00
2.193863813e-01 1.115916106e+00 1.302758153e-01 7.434877217e-01 1.978270590e+00
9.578899808e-01 1.498179834e+00 1.869009217e-01 7.358715202e-01 3.021929607e+00
5.208629651e-01 8.072229472e-01 3.572739291e-01 8.186213348e-01 3.059301187e+00
1.132009544e+00 1.281183092e+00 1.521148665e-01 4.828032203e-01 2.212050897e+00
5.257495372e-01 1.137535261e+00 2.593832808e-02 2.513808417e-01 2.402156383e+00
8.085225418e-01 1.414780343e+00 3.535539070e-01 1.346992896e-01 2.058624301e+00
6.160360081e-01 1.105124258e+00 2.055234043e-01 3.217546352e-01 2.237772070e+00
5.372067712e-01 1.084808521e+00 2.852266570e-01 7.552838134e-01 2.841600038e+00
1.360445750e+00 1.261218476e+00 3.472158111e-02 2.303986104e-01 1.900781772e+00
5.705830295e-01 9.171091820e-01 3.618756049e-01 6.495201755e-01 1.890808931e+00
8.248468734e-01 1.560067663e+00 3.139490152e-02 3.881494738e-01 2.573703220e+00
2.311360621e-01 9.930643859e-01 1.852410667e-01 5.759528794e-01 2.399234702e+00
1.512432040e+00 9.205517163e-01 1.502415565e-01 6.190284225e-01 1.829330580e+00
4.524896107e-01 1.376476994e+00 3.254375018e-02 4.082395914e-01 2.563545251e+00
1.564005607e+00 9.905213350e-01 3.301125485e-01 6.936864415e-01 1.787260122e+00
3.917331338e-01 8.783089210e-01 2.191016934e-01 5.482363519e-01 2.777801298e+00
5.236543770e-01 1.178642865e+00 3.353728736e-01 5.115650109e-01 2.778552269e+00
1.163024089e+00 9.110342982e-01 3.525447559e-01 6.662930268e-01 2.832208348e+00
7.884320875e-01 1.441758395e+00 1.947692723e-01 6.414941483e-01 2.182178035e+00
1.122537993e-01 1.056375124e+00 1.945627155e-01 5.219441999e-01 2.479287285e+00
1.556636382e-01 1.298419276e+00 2.546926297e-01 1.730727101e-01 1.653549129e+00
3.962275075e-01 1.014957280e+00 1.311246141e-01 7.813944359e-01 1.753758252e+00
1.216624763e+00 1.250223944e+00 2.928859347e-02 3.308309563e-01 2.967156301e+00
1.107713062e+00 9.402398421e-01 3.431010120e-01 1.880067744e-01 3.114678712e+00
1.506971035e+00 1.330106888e+00 2.706862283e-02 1.669623997e-01 3.138173711e+00
3.783672396e-01 1.492891004e+00 2.452044468e-02 8.024721411e-01 1.696209313e+00
8.800037212e-01 1.548269369e+00 8.842770983e-02 9.779868177e-01 3.139524330e+00
1.211519764e+00 1.226034082e+00 1.425772040e-01 3.187976179e-01 2.702293668e+00
1.230010333e+00 1.568789786e+00 3.862515501e-01 7.394513036e-01 2.890221644e+00
3.725422322e-01 1.118959832e+00 3.805201227e-02 2.730358690e-01 2.254115917e+00
6.127054892e-01 1.480118731e+00 3.943844591e-01 1.711739126e-01 1.794829749e+00
8.587949997e-01 1.443037887e+00 3.076570037e-01 7.340151927e-01 2.967964967e+00
6.937048986e-03 1.293125924e+00 3.471635640e-01 5.860886129e-01 2.040482129e+00
1.013641432e+00 7.887182243e-01 7.592362294e-02 6.781660113e-01 2.204748378e+00
5.799530044e-01 9.295714872e-01 3.825879937e-01 7.162334181e-01 2.780459772e+00
5.877233736e-01 1.212009690e+00 3.114292887e-01 9.560494193e-01 1.874795767e+00
6.494298481e-01 1.240793286e+00 1.841082739e-01 5.815507647e-01 1.706254664e+00
8.110035546e-02 1.437359119e+00 1.307961180e-01 9.231020793e-01 2.121502527e+00
1.338974519e+00 1.325734329e+00 2.850393997e-01 6.330755725e-01 2.058997108e+00
1.254896145e+00 1.176191341e+00 1.728914133e-01 8.175912122e-01 2.900170787e+00
2.917186782e-01 1.332094992e+00 4.571271830e-02 6.472144841e-01 1.788486920e+00
5.404169862e-01 8.437060524e-01 2.529349018e-01 9.099467276e-01 2.210557597e+00
1.455002800e+00 1.420468475e+00 3.009900486e-01 7.426505840e-01 2.145585475e+00
2.409724187e-02 1.220493587e+00 2.290445135e-01 3.314981575e-01 2.890442181e+00
9.583767351e-01 1.315155891e+00 1.828791820e-01 2.061733283e-01 2.158617115e+00
1.148153506e+00 1.394685207e+00 1.498789962e-02 8.057766678e-01 1.626584451e+00
2.599273577e-01 1.450740114e+00 2.880530578e-01 5.099164625e-01 3.010925797e+00
1.402364084e+00 1.545963854e+00 1.785012390e-01 4.160032428e-01 2.636749668e+00
1.450146969e+00 9.200767454e-01 1.257741779e-01 2.398416358e-01 1.592561784e+00
1.570205518e+00 8.312438176e-01 1.646756081e-01 4.625618825e-01 2.597612331e+00
3.710047048e-01 7.885806097e-01 3.359235043e-03 3.308251400e-01 1.976426096e+00
2.939074919e-01 1.207774814e+00 3.494892339e-01 1.194084308e-01 1.615727907e+00
1.210140398e-02 1.380913327e+00 3.920623849e-01 4.257913052e-01 1.950794325e+00
4.650316820e-01 1.233433751e+00 1.963623860e-01 2.821107352e-01 2.666728351e+00
5.947117892e-02 9.095720477e-01 3.549968049e-01 7.762848544e-01 3.055161460e+00
1.947489720e-01 1.068363856e+00 1.560755913e-01 8.813002257e-01 2.892882444e+00
6.685584541e-01 1.457484929e+00 1.216790119e-01 6.504657183e-01 1.698030455e+00
9.512868085e-01 1.517929538e+00 1.439991904e-01 5.830004910e-01 2.566670552e+00
9.123615857e-01 1.278625131e+00 2.768023408e-02 6.523086346e-01 1.588004219e+00
7.820814117e-01 7.887964389e-01 6.022874723e-02 4.612005111e-01 1.767964086e+00
8.735323531e-01 1.138869106e+00 1.455267371e-01 6.188752087e-01 1.577041390e+00
2.204351769e-01 1.276686398e+00 2.382499321e-02 6.770930841e-01 2.427972962e+00
1.109633585e+00 1.228026098e+00 7.417386571e-02 2.596852687e-01 2.724869491e+00
3.170463214e-01 9.611841364e-01 7.420638191e-03 1.900047006e-01 2.289921083e+00
6.153192914e-01 7.916230610e-01 2.879038250e-01 2.242693815e-01 2.547223719e+00
1.463707636e+00 1.325902111e+00 7.487808033e-02 2.800850913e-01 1.824525841e+00
1.293630619e+00 1.181802513e+00 5.008227383e-02 8.678393277e-01 2.498491542e+00
1.426508763e+00 1.078696988e+00 2.145798935e-01 7.485495863e-01 2.666443255e+00
2.162686206e-01 1.098786049e+00 1.444373341e-01 2.697429341e-01 2.685322216e+00
1.403810676e+00 8.518031039e-01 1.777187731e-01 1.686299489e-01 1.625376694e+00
4.461996455e-01 9.864608913e-01 1.077012955e-01 3.552453779e-01 2.005165650e+00
9.567312367e-01 1.283637784e+00 2.595519974e-01 1.178357943e-01 2.103342543e+00
3.102169493e-02 8.878774047e-01 3.616380184e-01 3.446434289e-01 2.738354767e+00
7.616361522e-01 1.388839299e+00 3.702533310e-01 4.709328439e-01 2.311209841e+00
5.134602295e-01 1.219245960e+00 6.201097312e-02 9.838465966e-01 2.962691094e+00
1.069293519e+00 8.337959129e-01 3.376329308e-01 5.654500472e-01 2.836932202e+00
3.718491992e-01 1.373768148e+00 2.532810616e-01 5.697372072e-01 1.889161911e+00
5.478704128e-01 1.306837455e+00 1.592855150e-01 3.180201462e-01 2.591444055e+00
4.347532822e-02 1.306122632e+00 1.131913007e-01 2.626681815e-01 1.619428880e+00
7.284344910e-01 1.461227729e+00 1.014631342e-01 4.811552487e-01 2.990281426e+00
1.346197123e+00 8.142665544e-01 1.591250166e-01 9.706155683e-01 2.293244745e+00
4.002074317e-01 1.173744547e+00 1.878103855e-01 4.673908978e-01 2.013583599e+00
1.310276840e+00 1.145554096e+00 2.052218874e-01 2.843429916e-01 3.025656126e+00
4.790098158e-01 1.322192629e+00 6.736055281e-02 2.789604992e-01 2.804679666e+00
9.441859811e-01 1.342038614e+00 2.440467539e-01 3.831923103e-01 1.769721162e+00
1.627521565e-01 8.097442079e-01 8.205884685e-02 8.486106943e-01 2.553885825e+00
1.060185057e+00 1.172007915e+00 2.401340956e-01 3.649942862e-01 2.933906549e+00
1.045653797e+00 8.585066264e-01 1.407291860e-02 4.907379516e-01 2.251170413e+00
1.157463868e+00 8.276786551e-01 4.172206111e-02 6.416498163e-01 2.643081105e+00
1.044011323e+00 1.181909567e+00 3.119276554e-02 1.383596268e-01 2.420080488e+00
5.061555926e-01 1.158044664e+00 2.760050879e-02 9.719614884e-01 2.468825091e+00
6.866422778e-01 1.516805889e+00 5.555164815e-02 9.966276764e-01 2.071825747e+00
5.555066938e-03 1.185589729e+00 1.381517322e-01 4.228969089e-01 1.805817491e+00
9.861003115e-03 9.066092509e-01 4.257988907e-03 3.553054989e-01 1.773544310e+00
1.804768597e-01 7.898632811e-01 3.891735769e-01 1.773970873e-01 1.755804455e+00
7.397176953e-01 9.344949607e-01 2.813336538e-01 5.597691296e-01 2.093658689e+00
1.316806566e+00 1.422207099e+00 3.254663497e-01 5.482478218e-01 2.438320604e+00
2.638710501e-01 1.452981574e+00 1.176901614e-01 1.999072857e-01 1.818646910e+00
2.770098015e-01 1.012038548e+00 2.917789646e-01 6.299099471e-01 2.587487077e+00
1.179407828e-02 1.474239539e+00 3.118602024e-01 9.448897069e-01 1.876943397e+00
1.059553224e+00 1.183224195e+00 5.897075819e-02 5.950155357e-01 3.092164065e+00
5.227366314e-01 1.402386859e+00 9.023707830e-02 8.325172822e-01 2.974199316e+00
9.770660762e-01 1.443707566e+00 1.641246186e-01 6.884342462e-01 1.696853328e+00
1.358255553e+00 1.279265719e+00 2.751715506e-01 3.705108928e-01 2.729409792e+00
4.639666532e-01 8.004917204e-01 7.756651555e-02 4.021153768e-01 1.643024996e+00
1.275412938e+00 1.168883783e+00 1.707263836e-01 2.198430776e-01 2.861166253e+00
6.084493905e-01 1.027857628e+00 6.455357870e-02 1.409652555e-01 1.877165779e+00
1.193968579e+00 9.375109159e-01 1.956607723e-01 7.732950727e-01 3.110731772e+00
1.027685155e+00 1.284083044e+00 3.231272142e-02 3.460226053e-01 2.880907068e+00
1.359457066e+00 1.117311022e+00 3.689538251e-01 5.062739334e-01 2.832187468e+00
8.070973752e-01 1.483258792e+00 1.146833379e-01 8.091041406e-01 2.895497561e+00
1.047696714e+00 1.358877852e+00 1.583561978e-01 6.316347864e-01 2.293721633e+00
1.173645076e+00 1.434141817e+00 1.776726987e-01 5.805626891e-01 2.755072270e+00
6.237048958e-01 1.196987919e+00 1.870272573e-01 5.415512442e-01 2.646499644e+00
4.516218882e-01 1.378343185e+00 3.127355479e-01 4.572302350e-01 2.748022914e+00
9.898463239e-01 9.233759850e-01 6.931891242e-02 8.387034781e-01 1.718790348e+00
8.282803498e-01 1.337460616e+00 2.711688925e-01 4.862089789e-01 2.683812780e+00
2.419234280e-01 1.458213204e+00 1.300845102e-01 4.796167907e-01 2.024968869e+00
6.069735447e-01 1.526571378e+00 8.576391388e-02 2.093153180e-01 1.803030588e+00
9.398866296e-01 8.119112297e-01 1.639196846e-01 1.382970501e-01 1.896017876e+00
3.250936492e-01 9.856237650e-01 4.939223078e-02 2.442032314e-01 2.825941563e+00
1.042761609e+00 9.354320302e-01 3.398704647e-01 9.287214185e-01 2.188242832e+00
1.186366011e+00 1.217696241e+00 2.763533871e-01 8.320116960e-01 1.733097168e+00
8.371154285e-01 1.299135717e+00 2.523725748e-01 2.272337607e-01 3.123608629e+00
5.436243897e-02 1.235174741e+00 1.159019586e-01 4.526925771e-01 1.606825895e+00
1.627896575e-01 1.144772909e+00 1.718327526e-01 4.539914863e-01 2.340968401e+00
1.345469913e+00 9.383070591e-01 2.288456044e-01 6.043164969e-01 2.152866568e+00
1.425910844e+00 1.533972654e+00 8.544574335e-02 5.196514563e-01 2.595358807e+00
1.251659325e+00 1.472632285e+00 2.271862115e-01 5.857241657e-01 2.580732359e+00
1.132747757e+00 1.042217630e+00 1.127872315e-01 6.477753313e-01 2.415125095e+00
5.136663383e-01 1.268131019e+00 3.303362170e-01 9.749405709e-01 2.953160822e+00
6.685996652e-01 1.075593460e+00 1.704280137e-01 9.442179577e-01 2.729080177e+00
6.718667035e-01 1.502759790e+00 3.536860915e-01 2.581914142e-01 2.960359917e+00
3.541867108e-01 1.042608790e+00 1.109298452e-01 7.133029793e-01 1.941617041e+00
4.396309795e-01 9.632201613e-01 6.289465462e-02 1.582892604e-01 2.678112996e+00
8.878097291e-01 1.175371638e+00 1.413447001e-01 8.884301767e-01 1.660005109e+00
9.088820920e-01 1.496162544e+00 1.789869727e-01 9.355821047e-01 3.062700188e+00
6.897376520e-01 1.532951720e+00 2.898195592e-01 2.734509440e-01 2.800164481e+00
8.107566006e-01 1.319581467e+00 1.410094726e-01 9.413506956e-01 3.034997701e+00
4.012324793e-01 1.165866980e+00 1.044690576e-01 4.146672298e-01 2.277909516e+00
8.950964021e-01 9.139594245e-01 1.306933611e-01 2.182811764e-01 1.694370654e+00
3.252946965e-01 1.129616827e+00 3.584500169e-02 8.519043823e-01 2.935623290e+00
5.236176996e-01 8.144985883e-01 3.070146354e-01 2.727190080e-01 1.584391386e+00
1.690953910e-01 1.041819759e+00 2.383136823e-01 1.284363988e-01 2.773446977e+00
4.850876614e-01 9.993131737e-01 8.704030991e-02 8.982883374e-01 2.464620956e+00
1.025273891e+00 1.048009996e+00 1.960989955e-01 9.837232484e-01 2.227931859e+00
7.851746783e-01 7.854692054e-01 7.833537000e-02 1.145104542e-01 2.561755737e+00
1.117884241e+00 1.141536265e+00 2.048810007e-02 6.352863137e-01 2.874102465e+00
6.142039669e-01 1.501159402e+00 2.387883687e-01 1.464176445e-01 2.042815058e+00
4.396569694e-02 1.265234565e+00 3.206229147e-03 6.326618212e-01 2.441396307e+00
1.443050924e+00 1.020376471e+00 3.846050519e-01 6.301948356e-01 2.969398421e+00
2.961225751e-01 1.305647197e+00 1.589945792e-01 4.379223651e-01 3.014573992e+00
6.661932044e-01 1.391974888e+00 6.520778198e-02 8.343851431e-01 2.872482207e+00
8.111298690e-02 1.036884224e+00 1.077216640e-01 2.936453005e-01 2.516096552e+00
1.046497784e+00 9.194542607e-01 2.927092400e-01 1.025946957e-01 3.097522322e+00
1.757792794e-01 9.418945603e-01 2.557729455e-01 2.224177049e-01 2.604303055e+00
1.289879293e+00 1.518821587e+00 3.219954225e-01 3.220362693e-01 3.082752412e+00
3.723587540e-01 9.940696787e-01 1.743127194e-01 4.645652550e-01 2.858351396e+00
2.017286945e-01 1.201474257e+00 2.212707348e-01 7.412060397e-01 2.934961739e+00
1.051890441e-01 1.459953365e+00 1.376757355e-01 8.724215131e-01 1.838067112e+00
1.429267719e+00 8.368782774e-01 1.764159438e-01 1.910849605e-01 2.399009843e+00
7.029980660e-01 1.161950217e+00 3.594498453e-01 1.765819230e-01 1.893750706e+00
1.507887723e+00 1.049125229e+00 2.253955858e-01 6.136874175e-01 2.086922176e+00
4.560395628e-01 1.296010341e+00 2.840504865e-01 8.111967104e-01 2.044072288e+00
7.489079942e-01 1.363520452e+00 1.296846041e-01 2.021805003e-01 2.966428059e+00
6.003201670e-01 1.018518928e+00 2.656184366e-01 1.745234322e-01 2.063296651e+00
3.071267525e-01 1.077049340e+00 1.671216724e-01 8.688077412e-01 2.990680650e+00
1.489465472e+00 1.512313064e+00 2.973271865e-01 5.594739001e-01 2.792435855e+00
2.713730217e-01 1.150937311e+00 3.872807999e-01 7.691553817e-01 2.685034797e+00
4.539324805e-01 1.349777482e+00 2.233102987e-01 7.775705442e-01 2.457313468e+00
1.460240987e+00 1.459259541e+00 6.616074825e-02 8.418905394e-01 2.692892905e+00
5.865284342e-01 1.541215781e+00 1.566470156e-01 2.858387747e-01 2.969181177e+00
1.332685425e+00 1.430393958e+00 2.163380003e-01 1.858263991e-01 2.881476497e+00
1.595004702e-01 1.273474761e+00 9.610662617e-02 8.488455683e-01 2.778377413e+00
6.048057237e-01 1.151886062e+00 2.371298939e-01 2.929955345e-01 2.996662277e+00
1.054688342e+00 1.178387793e+00 6.886581036e-02 8.874275876e-01 1.573167020e+00
1.083316616e+00 1.492082483e+00 1.665487783e-01 9.774112180e-01 1.618999174e+00
3.542603291e-03 1.500416336e+00 6.186420182e-02 2.862081633e-01 1.774232704e+00
5.172107673e-01 8.290010147e-01 1.427313341e-01 7.061580619e-01 2.393043635e+00
5.218969473e-01 1.544850060e+00 2.535168744e-01 9.491060496e-01 3.131191467e+00
9.740323036e-01 9.827826492e-01 1.144889027e-01 2.489156334e-01 2.943813461e+00
2.009736395e-01 1.117668608e+00 2.769650795e-01 9.303492586e-01 1.845128999e+00
4.033764399e-01 1.130321937e+00 2.531134292e-02 4.391493576e-01 2.086949070e+00
8.584669249e-01 1.172795150e+00 1.234109202e-01 7.807837711e-01 1.745752813e+00
1.181150230e-01 1.285814422e+00 3.280185905e-01 8.881092428e-01 1.999470778e+00
3.236693520e-02 1.222349428e+00 8.002478431e-02 2.686953961e-01 3.089094761e+00
9.400236526e-01 7.957114737e-01 3.750129704e-01 9.895990015e-01 1.663656382e+00
9.914495760e-01 1.419905278e+00 3.947439721e-01 5.618383995e-01 2.985286891e+00
9.491914711e-01 1.170540210e+00 3.134348984e-01 3.890250683e-01 1.741120714e+00
7.749506972e-02 1.209911158e+00 1.119946813e-01 4.091021766e-01 2.068180571e+00
3.817817474e-01 1.407891785e+00 3.873190593e-01 8.713096380e-01 2.793716289e+00
1.568484031e+00 1.475107816e+00 6.255211008e-03 5.728157466e-01 2.359158096e+00
2.186415288e-01 1.043555722e+00 1.895830043e-01 2.910686125e-01 1.710079317e+00
2.178947106e-01 1.117972810e+00 1.955005500e-01 4.627014189e-01 2.496671773e+00
4.116396657e-01 9.082501904e-01 6.050450240e-02 1.391224294e-01 1.764415506e+00
2.927618228e-01 1.220791382e+00 1.006981567e-01 2.761417275e-01 2.054101452e+00
1.046834819e+00 1.451715364e+00 3.217957215e-01 8.407765159e-01 2.914059365e+00
1.682010514e-01 1.494385986e+00 1.330998279e-01 6.903906188e-01 2.899441227e+00
9.224928261e-01 1.078064044e+00 3.819792229e-01 9.699324397e-01 2.842503006e+00
1.932758687e-01 8.984293458e-01 1.133393258e-01 8.464036334e-01 2.114321975e+00
7.984572959e-01 1.003059768e+00 2.951617929e-02 7.453968911e-01 3.060441770e+00
1.249937728e+00 1.479757559e+00 1.739178251e-01 8.540637236e-01 2.255682405e+00
5.746156486e-02 9.462575708e-01 2.759068932e-01 4.007804161e-01 2.532173913e+00
2.571831233e-01 9.025388504e-01 3.170610020e-01 6.676996354e-01 1.749848585e+00
6.841330136e-01 9.292021594e-01 7.006462081e-02 6.139171792e-01 2.027234009e+00
1.377279285e+00 1.004970703e+00 2.148643845e-01 7.142735836e-01 1.648028322e+00
5.478502097e-01 1.485993887e+00 1.530239000e-01 1.829330844e-01 2.480262849e+00
1.356199445e+00 1.506849998e+00 2.037388781e-01 8.493144572e-01 1.879196298e+00
8.009172183e-01 8.207262375e-01 1.026443988e-01 3.294267434e-01 1.919335710e+00
1.544623735e+00 9.524549324e-01 4.972177435e-02 9.508752046e-01 2.791342085e+00
4.070491787e-02 1.493700624e+00 4.453198874e-02 7.169808475e-01 2.726009880e+00
2.648044889e-01 1.276717595e+00 4.824021242e-02 2.319247292e-01 2.446017826e+00
3.926301972e-01 1.087936375e+00 1.231513727e-01 3.561106167e-01 1.937169983e+00
1.053402578e+00 9.412080355e-01 3.507843786e-01 1.807486056e-01 2.171512862e+00
1.328417308e+00 8.127405403e-01 8.184717475e-02 6.807295647e-01 2.422395367e+00
1.063115690e-01 1.202421575e+00 1.585851066e-01 1.905731652e-01 2.216525402e+00
8.192469639e-01 1.064774799e+00 2.596126115e-01 2.021065398e-01 2.536841403e+00
1.595772000e-02 9.703960934e-01 3.030452274e-01 1.960037140e-01 1.939409488e+00
8.071445147e-01 1.424986771e+00 3.228233400e-01 7.396499922e-01 1.738913715e+00
1.143812939e+00 1.194002165e+00 3.167767220e-01 1.520269589e-01 1.732637281e+00
1.260344382e+00 8.704900106e-01 2.906142934e-01 4.889591941e-01 2.928381897e+00
1.145060821e+00 1.434577845e+00 3.039343981e-01 3.189442120e-01 2.496427555e+00
1.186779157e+00 1.378490120e+00 8.504816368e-02 6.613801980e-01 1.694618212e+00
9.538134478e-01 9.504299065e-01 3.495571429e-01 6.864138571e-01 2.332751121e+00
3.225071666e-01 1.330852750e+00 1.291142510e-01 1.759239965e-01 1.590521177e+00
4.302458700e-01 1.192843242e+00 2.093095605e-01 1.771698023e-01 2.511510408e+00
1.450138326e-01 1.206122638e+00 3.956688334e-01 6.812403294e-01 2.060824455e+00
1.482103002e+00 8.260873618e-01 1.476269733e-01 2.310262486e-01 3.118449327e+00
1.352853541e+00 1.458283925e+00 1.349381703e-01 3.926437695e-01 2.047630456e+00
7.292578778e-01 1.358525812e+00 3.603196892e-01 4.066339589e-01 3.019238694e+00
1.236750610e-01 1.487480243e+00 5.450819169e-02 4.705581981e-01 2.156757995e+00
1.654598815e-01 8.370208703e-01 2.837978120e-01 8.737764102e-01 3.089422217e+00
1.125942727e+00 1.006740948e+00 1.993189062e-01 9.986811838e-01 2.548773026e+00
1.043885621e+00 1.244792771e+00 2.349201944e-01 1.376755829e-01 2.397493338e+00
9.869800402e-01 1.563655833e+00 2.386055225e-01 9.675850117e-01 3.071284030e+00
5.602655536e-01 9.189709731e-01 2.877418260e-01 4.881978991e-01 2.196428070e+00
1.022644419e+00 1.385827494e+00 1.438261800e-01 6.895442529e-01 1.726708683e+00
1.000030958e+00 1.068249876e+00 3.559000345e-02 1.965299296e-01 2.283407301e+00
5.994446049e-01 8.586810767e-01 8.030679597e-02 7.698814211e-01 2.290171754e+00
1.323149787e+00 8.112032255e-01 2.200267245e-01 1.298206591e-01 1.920130972e+00
1.052977234e+00 1.138681732e+00 3.024886476e-01 2.130637178e-01 1.913722780e+00
9.353463715e-01 8.342013994e-01 1.736750614e-01 8.462166218e-01 3.048348397e+00
3.643513237e-01 7.865229540e-01 1.526998884e-01 3.640031297e-01 3.064979080e+00
8.967353691e-01 1.064827210e+00 2.010467122e-01 7.373763655e-01 3.026801815e+00
3.913123401e-01 7.998809099e-01 2.777815381e-01 2.776233628e-01 2.705964168e+00
6.508278984e-01 1.008419543e+00 3.024319407e-02 8.891221607e-01 1.754740593e+00
5.869852121e-01 9.854807476e-01 1.305313323e-01 4.291453820e-01 2.750424054e+00
1.487255664e+00 1.433323974e+00 3.161294788e-01 2.618087982e-01 1.603570164e+00
1.855390138e-01 1.045634720e+00 1.158553310e-01 8.385259268e-01 2.684467466e+00
1.019781602e+00 8.239351318e-01 2.863638919e-01 9.431958180e-01 2.218072833e+00
6.975448346e-01 1.321086910e+00 1.692545956e-01 8.679089751e-01 3.007287188e+00
4.048701847e-01 1.354145961e+00 2.683082799e-01 2.756253194e-01 1.756597628e+00
5.742344206e-01 1.200360737e+00 1.488028964e-01 2.777622999e-01 2.167306021e+00
4.547702192e-01 1.291874750e+00 1.566451036e-01 2.290941868e-01 2.764416482e+00
6.652202149e-01 1.316818418e+00 3.112618721e-01 4.377295863e-01 2.820243443e+00
5.621183525e-01 1.301260158e+00 1.623896384e-01 2.596199661e-01 2.755906805e+00
8.231250408e-01 9.345421852e-01 1.014579314e-01 7.889148470e-01 2.084548785e+00
1.222855047e+00 9.200492065e-01 1.726372252e-01 2.301600153e-01 2.844762275e+00
8.529963088e-01 1.126353994e+00 2.451169664e-01 4.443255686e-01 2.499326118e+00
8.401188150e-01 8.574232380e-01 3.281777775e-01 5.472631950e-01 2.576767364e+00
4.498824416e-01 8.640534436e-01 3.154291322e-01 2.155266823e-01 3.046399761e+00
3.976783912e-01 1.052106437e+00 2.524799915e-02 5.334358587e-01 1.912676401e+00
3.220485639e-01 1.538497061e+00 2.655199382e-01 5.779203907e-01 2.525041064e+00
6.362072530e-01 8.721551045e-01 1.872444892e-01 4.328709711e-01 2.943666060e+00
3.858117888e-01 1.378140375e+00 1.879560214e-01 5.942812550e-01 2.985828882e+00
2.105262730e-01 1.439086217e+00 1.161862598e-01 6.464221235e-01 2.676860680e+00
1.511026961e+00 1.373475049e+00 3.430235856e-01 5.746043935e-01 1.771780094e+00
1.743550031e-02 8.425481188e-01 3.736282527e-01 3.238124548e-01 3.073552455e+00
1.359431399e-01 1.353602856e+00 3.257417430e-01 9.641170272e-01 2.444255429e+00
7.992769864e-01 1.479608358e+00 8.560885528e-02 9.166141273e-01 2.505013228e+00
1.158564716e+00 1.013000463e+00 9.232933385e-02 7.056836647e-01 2.791392886e+00
3.832434961e-01 1.367607476e+00 2.657744588e-01 5.172989339e-01 2.445955819e+00
1.099895867e+00 1.282775480e+00 1.946744989e-01 4.035753536e-01 2.877568437e+00
7.496861769e-01 1.095482545e+00 1.764292218e-01 1.759863992e-01 1.817264598e+00
1.566595297e+00 7.857253834e-01 1.940303488e-01 8.645045736e-01 2.310824939e+00
5.901095152e-01 1.380027926e+00 3.333461983e-01 5.373801612e-01 2.554785519e+00
1.377890674e+00 1.095803348e+00 7.414878282e-03 8.324931509e-01 2.008237929e+00
7.255654225e-01 1.200304543e+00 3.806756391e-01 3.401141899e-01 2.967856531e+00
2.093426481e-01 8.583542318e-01 1.235544903e-01 6.133240880e-01 2.279666350e+00
1.283246287e+00 9.558553837e-01 1.677775714e-01 3.523528982e-01 2.782977985e+00
1.227665614e+00 1.200840238e+00 1.732177430e-02 3.036030890e-01 2.713606060e+00
8.484203163e-01 9.882047946e-01 5.576169309e-02 9.593817961e-01 2.871042518e+00
9.151701904e-01 1.195409144e+00 3.314048460e-01 9.967094022e-01 2.605025654e+00
1.361168391e+00 8.676862684e-01 2.658708215e-01 2.951021429e-01 2.952511967e+00
2.704643067e-01 1.259948034e+00 1.944616229e-01 3.675993062e-01 2.638367208e+00
1.490197082e+00 1.406575936e+00 3.069548424e-01 7.604161202e-01 3.071054614e+00
1.406048533e+00 1.358091671e+00 3.081485125e-02 6.058387399e-01 2.854488221e+00
8.011595144e-01 1.026286740e+00 3.361155932e-01 5.443847480e-01 3.105386243e+00
8.561832924e-01 1.241913233e+00 3.268298610e-01 3.752403970e-01 3.028695165e+00
1.361920189e-01 1.007097074e+00 1.794958862e-01 3.168915333e-01 1.752610328e+00
1.510217688e+00 1.058722038e+00 2.504967008e-01 4.256673183e-01 3.034842631e+00
1.091781874e+00 1.433969561e+00 3.702884815e-01 9.688212345e-01 2.546067589e+00
1.539813766e+00 8.665471949e-01 2.346638923e-01 6.224285980e-01 3.016915083e+00
1.255158857e+00 1.204044246e+00 9.053462194e-02 9.350888958e-01 1.714518800e+00
8.297001920e-01 1.565847857e+00 3.490085792e-01 2.291993409e-01 2.914821524e+00
1.176268229e+00 1.020994506e+00 5.477259137e-02 3.253206166e-01 1.981839876e+00
7.057442469e-01 9.558041738e-01 2.070637186e-01 2.230261520e-01 1.594367822e+00
1.070856265e+00 1.003579936e+00 4.252736334e-02 9.125033838e-01 1.620710431e+00
4.181911656e-01 9.189667131e-01 1.409004940e-01 4.531708010e-01 3.028760476e+00
1.248976072e+00 9.875427867e-01 1.528994377e-01 9.604367523e-01 1.911490411e+00
1.633758555e-01 8.535248561e-01 2.029542802e-01 1.833632350e-01 2.945314249e+00
1.092294497e+00 9.060241902e-01 1.197465611e-01 5.701774308e-01 2.070044487e+00
1.313144070e+00 1.483475835e+00 1.737601307e-01 9.787174984e-01 2.028256869e+00
4.392597733e-02 8.033478053e-01 2.499914400e-01 9.543237696e-01 2.199532375e+00
1.501139572e+00 1.445271313e+00 2.808172406e-01 9.236559310e-01 1.757503967e+00
1.785771486e-01 1.402514075e+00 2.772940284e-01 5.792635365e-01 2.742000310e+00
9.568116286e-01 1.232708251e+00 1.324125044e-01 3.942579757e-01 1.579695264e+00
9.268877491e-02 8.982646825e-01 2.609710395e-01 1.054342644e-01 2.045519366e+00
1.447238918e+00 1.169737470e+00 2.012580279e-01 7.563822129e-01 2.284819270e+00
1.288823124e+00 7.974227443e-01 2.161159413e-01 6.219479323e-01 2.576453827e+00
1.566712687e-01 7.864641210e-01 3.614036128e-01 6.915716148e-01 2.217772701e+00
4.258764462e-01 1.267911333e+00 1.342050329e-01 2.532389801e-01 1.901551338e+00
1.479739782e+00 1.035229590e+00 1.132016053e-01 2.275652378e-01 2.927601278e+00
1.085768577e+00 1.324049046e+00 2.921320825e-01 7.712643886e-01 2.140709923e+00
2.827646897e-01 1.127153190e+00 1.456612238e-01 9.946290004e-01 1.679652344e+00
3.517509188e-01 1.069667016e+00 1.368736012e-02 2.595764800e-01 2.458840573e+00
4.593127432e-02 8.014008600e-01 7.394080418e-02 8.739068738e-01 2.746520975e+00
1.526044045e+00 8.994957850e-01 1.248541351e-01 7.422831006e-01 1.578455140e+00
4.401255987e-01 1.500297352e+00 8.110126661e-02 8.541737327e-01 2.296961202e+00
4.361427923e-02 1.435783748e+00 3.018980797e-01 2.308329366e-01 2.280286602e+00
1.336982058e+00 1.183236170e+00 2.593481804e-01 9.551040006e-01 2.023635621e+00
1.187093769e+00 1.196859630e+00 1.408616768e-01 3.068922872e-01 2.718458408e+00
1.660827676e-01 9.704150682e-01 1.056621229e-01 7.522194512e-01 2.215642480e+00
2.378001268e-01 1.162919704e+00 1.984082590e-01 1.191962381e-01 2.504093724e+00
9.029685911e-02 1.520203198e+00 1.057848814e-01 4.048232537e-01 2.818667715e+00
8.393622424e-01 1.172443883e+00 7.873956547e-02 4.965070008e-01 2.262288790e+00
1.411613289e+00 8.329273671e-01 4.820829229e-02 8.225183001e-01 2.701006740e+00
3.945984722e-01 1.323939642e+00 3.703712510e-01 1.215240950e-01 2.922978808e+00
2.481963224e-02 1.352433811e+00 4.423686268e-03 9.984225355e-01 2.297810011e+00
3.160328052e-01 1.351465745e+00 2.920776363e-01 5.939198234e-01 1.776041924e+00
1.021553813e+00 1.308097757e+00 2.240629844e-01 3.920323044e-01 2.868823455e+00
8.345257401e-01 1.483099650e+00 1.260587594e-01 7.917281171e-01 2.997647494e+00
1.197590802e+00 7.916689542e-01 1.278518799e-01 1.963683198e-01 2.660678640e+00
2.562836879e-01 1.329955064e+00 1.649234407e-01 3.862147710e-01 2.099307983e+00
1.075870369e+00 1.386946908e+00 4.362931603e-02 7.407456372e-01 1.937249778e+00
1.347118746e+00 7.937282700e-01 3.361178836e-01 9.428421918e-01 2.029370689e+00
1.555665076e+00 1.152511933e+00 2.012524900e-01 7.713959075e-01 2.216316839e+00
1.957387909e-01 8.646011550e-01 2.916309597e-02 7.843970318e-01 1.926733205e+00
1.363879299e+00 1.506993676e+00 2.747526734e-01 5.640787231e-01 3.030118433e+00
9.872156717e-02 1.447187473e+00 3.420013822e-01 7.263078461e-01 3.047288494e+00
1.353961932e-01 1.016691816e+00 1.615925623e-01 1.143471571e-01 2.916826478e+00
1.430304454e+00 1.276241594e+00 9.064265212e-02 7.935425988e-01 2.959511756e+00
2.726208905e-01 1.468156910e+00 2.689898080e-01 2.032673399e-01 2.368746766e+00
4.387926149e-01 1.514345926e+00 3.709165110e-01 3.631809127e-01 2.191039318e+00
5.887944719e-02 1.379873851e+00 1.702293412e-01 3.656358978e-01 2.490572898e+00
1.327002974e+00 8.342930958e-01 4.875088207e-03 1.706598599e-01 1.617567930e+00
5.974275879e-01 1.358277154e+00 3.961620910e-01 2.235130940e-01 2.215918480e+00
1.473883765e+00 1.394245012e+00 2.173795267e-01 8.223592332e-01 2.382242414e+00
6.719118170e-01 9.563523134e-01 7.450547092e-02 3.374534910e-01 2.095782301e+00
3.903972228e-01 1.097726973e+00 1.494365984e-01 2.471725484e-01 2.039486846e+00
1.559360674e+00 1.062809094e+00 3.280592329e-01 7.092303385e-01 2.878506769e+00
1.107091446e+00 1.333401907e+00 1.325828872e-01 5.282617865e-01 3.114153099e+00
1.110604088e-01 1.106849521e+00 2.419854740e-01 8.498517745e-01 2.175541400e+00
1.124251731e+00 9.237534065e-01 7.298629787e-02 4.663141049e-01 1.831629436e+00
5.339311976e-01 8.570815057e-01 3.925513298e-01 1.745976388e-01 3.006032205e+00
7.922064415e-01 1.306618414e+00 1.053590406e-02 1.036161047e-01 2.755992877e+00
1.074691685e+00 1.327930868e+00 3.334808631e-01 6.331993344e-01 2.011433745e+00
1.279047244e+00 8.771330726e-01 3.375610957e-01 4.725111698e-01 2.986070396e+00
1.163815414e+00 7.901620162e-01 1.711070245e-01 5.904698096e-01 2.760034856e+00
7.530647554e-01 1.241251519e+00 3.228706409e-01 4.922657990e-01 2.176190252e+00
2.290835744e-01 1.328725287e+00 2.332024853e-01 4.118625185e-01 2.775716924e+00
1.765889188e-01 1.326512419e+00 1.011196418e-02 5.858023101e-01 2.201087953e+00
4.059020393e-01 9.624311862e-01 7.740496856e-02 5.697698797e-01 1.813478707e+00
6.702035851e-01 1.141696768e+00 2.677420526e-01 7.965829544e-01 2.618917569e+00
1.057063438e+00 1.253565296e+00 2.807501244e-01 6.169464229e-01 1.889127307e+00
9.781817194e-01 1.004716135e+00 2.535010364e-01 2.849149729e-01 1.608668389e+00
9.473930833e-02 8.229548210e-01 2.026183575e-01 1.683201311e-01 2.707442198e+00
1.158817951e+00 1.306656355e+00 3.398924264e-01 2.033913707e-01 2.520282663e+00
2.598777745e-01 8.480606931e-01 1.639831259e-01 4.864112080e-01 1.913976118e+00
5.226401659e-01 1.130753832e+00 2.877974666e-01 7.182887975e-01 1.724162733e+00
1.360603919e+00 1.116002310e+00 1.523268537e-01 7.449449586e-01 1.776101682e+00
2.945109464e-01 8.030101256e-01 2.284023034e-01 6.265262797e-01 2.273907294e+00
2.967833583e-01 1.101306512e+00 2.609695334e-01 1.778049096e-01 2.740517725e+00
1.551165394e+00 1.326526345e+00 1.992967014e-01 6.448440460e-01 1.899121219e+00
5.900081873e-01 1.039866519e+00 3.968399834e-01 7.590953968e-01 2.102794076e+00
1.269571395e+00 1.060185262e+00 2.224594291e-01 7.833866579e-01 2.015737390e+00
6.228318363e-01 1.166296917e+00 4.941155783e-02 4.953889309e-01 2.680467531e+00
9.751209940e-01 8.288973543e-01 1.923306096e-01 5.020450481e-01 1.645160464e+00
1.034199767e+00 1.472000424e+00 2.864419314e-01 8.783659703e-01 2.934078008e+00
3.365135814e-01 1.298795637e+00 3.788496236e-01 3.818360485e-01 1.810537271e+00
2.377411282e-01 1.275847116e+00 3.905132885e-01 6.725483991e-01 1.797852090e+00
8.498683758e-01 1.021181289e+00 1.732168634e-01 1.970104680e-01 2.645517232e+00
1.835777049e-01 1.340775221e+00 3.550767088e-01 1.915590791e-01 2.009295398e+00
1.115836525e+00 1.503074178e+00 3.983498435e-01 5.976286789e-01 2.838307481e+00
5.504630718e-01 1.242014182e+00 2.750239534e-01 3.653314667e-01 2.068089082e+00
7.691702777e-01 1.293870209e+00 3.482757629e-01 7.459539438e-01 2.779960628e+00
8.883621739e-01 1.074908561e+00 7.336280066e-02 9.328677798e-01 2.085033074e+00
1.520965927e+00 1.563010299e+00 3.986905884e-01 6.008908798e-01 2.295011417e+00
3.228952144e-01 7.875666811e-01 2.371796034e-01 7.489059697e-01 2.161089194e+00
1.967428316e-01 1.351854233e+00 2.227259254e-01 1.234802592e-01 2.035554741e+00
1.222003975e+00 1.100493221e+00 8.880408590e-02 1.485322236e-01 2.260608241e+00
1.648126314e-02 1.436729406e+00 1.907415907e-01 1.001295840e-01 2.357048060e+00
1.558269311e+00 1.510372418e+00 3.494014871e-01 8.991250376e-01 2.841808790e+00
1.852203426e-01 1.494992535e+00 2.714374484e-01 6.530216695e-01 1.794188686e+00
1.813347114e-01 1.118922991e+00 1.468572667e-01 5.648520496e-01 2.675859893e+00
